804.1721212988056;4467.689078520587;555.3735449363372;19999.999999968833;-1543429877.8321385;-1606200949.4185765;19999.999999969223;1543445153.832141;1606201036.4185765;100000.0;76076.0;87.0;
803.8711189641273;4476.778144096911;556.492963896705;20019.99999996866;-1544974079.810985;-1607807953.8702466;20019.999999969048;1544989371.0109873;1607808040.8702466;100200.0;76228.0;87.0;
803.5701627189487;4485.8672429439275;557.6123826393712;20039.999999968484;-1546518281.7898316;-1609414958.3219168;20039.999999968873;1546533588.1898336;1609415045.3219168;100400.0;76380.0;87.0;
803.2692523791744;4494.956374927968;558.7318011651256;20059.99999996831;-1548062483.7686782;-1611021962.773587;20059.9999999687;1548077805.36868;1611022049.773587;100600.0;76532.0;87.0;
802.9683877618098;4504.045539916168;559.8512194747535;20079.99999996813;-1549606685.7475247;-1612628967.2252572;20079.999999968524;1549622022.5475264;1612629054.2252572;100800.0;76684.0;87.0;
802.6675686849526;4513.134737776462;560.9706375690364;20099.99999996795;-1551150887.7263713;-1614235971.6769273;20099.999999968346;1551166239.7263727;1614236058.6769273;101000.0;76836.0;87.0;
802.3667949677837;4522.223968377575;562.0900554487511;20119.999999967768;-1552695089.7052178;-1615842976.1285975;20119.999999968164;1552710456.905219;1615843063.1285975;101200.0;76988.0;87.0;
802.0660664305585;4531.313231589015;563.2094731146705;20139.999999967586;-1554239291.6840644;-1617449980.5802677;20139.999999967982;1554254674.0840654;1617450067.5802677;101400.0;77140.0;87.0;
801.7653828945994;4540.402527281072;564.3288905675635;20159.999999967404;-1555783493.662911;-1619056985.0319378;20159.9999999678;1555798891.2629118;1619057072.0319378;101600.0;77292.0;87.0;
801.464744182286;4549.491855324806;565.4483078081946;20179.99999996722;-1557327695.6417575;-1620663989.483608;20179.99999996762;1557343108.4417582;1620664076.483608;101800.0;77444.0;87.0;
801.164150117048;4558.581215592043;566.5677248373245;20199.99999996704;-1558871897.620604;-1622270993.9352782;20199.999999967436;1558887325.6206045;1622271080.9352782;102000.0;77596.0;87.0;
800.8636005233561;4567.6706079553705;567.6871416557098;20219.999999966858;-1560416099.5994506;-1623877998.3869483;20219.999999967255;1560431542.7994509;1623878085.3869483;102200.0;77748.0;87.0;
800.563095226714;4576.76003228813;568.8065582641029;20239.999999966676;-1561960301.5782971;-1625485002.8386185;20239.999999967073;1561975759.9782972;1625485089.8386185;102400.0;77900.0;87.0;
800.2626340536507;4585.84948846441;569.9259746632525;20259.999999966494;-1563504503.5571437;-1627092007.2902887;20259.99999996689;1563519977.1571436;1627092094.2902887;102600.0;78052.0;87.0;
799.9622168317121;4594.938976359043;571.0453908539033;20279.999999966312;-1565048705.5359902;-1628699011.7419589;20279.99999996671;1565064194.33599;1628699098.7419589;102800.0;78204.0;87.0;
799.6618433894532;4604.028495847598;572.1648068367958;20299.99999996613;-1566592907.5148368;-1630306016.193629;20299.999999966527;1566608411.5148363;1630306103.193629;103000.0;78356.0;87.0;
799.3615135564304;4613.118046806372;573.2842226126669;20319.99999996595;-1568137109.4936833;-1631913020.6452992;20319.999999966345;1568152628.6936827;1631913107.6452992;103200.0;78508.0;87.0;
799.0612271631932;4622.207629112391;574.4036381822494;20339.999999965767;-1569681311.47253;-1633520025.0969694;20339.999999966163;1569696845.872529;1633520112.0969694;103400.0;78660.0;87.0;
798.7609840412771;4631.2972426434;575.5230535462724;20359.999999965585;-1571225513.4513764;-1635127029.5486395;20359.99999996598;1571241063.0513754;1635127116.5486395;103600.0;78812.0;87.0;
798.4607840231955;4640.386887277854;576.6424687054613;20379.999999965403;-1572769715.430223;-1636734034.0003102;20379.9999999658;1572785280.2302217;1636734121.0003102;103800.0;78964.0;87.0;
798.1606269424326;4649.47656289492;577.7618836605374;20399.999999965214;-1574313917.4090695;-1638341038.4519808;20399.999999965617;1574329497.409068;1638341125.4519808;104000.0;79116.0;87.0;
797.8605126334356;4658.566269374466;578.8812984122184;20419.999999965024;-1575858119.387916;-1639948042.9036515;20419.99999996543;1575873714.5879145;1639948129.9036515;104200.0;79268.0;87.0;
797.5604409316072;4667.656006597059;580.0007129612183;20439.999999964835;-1577402321.3667626;-1641555047.3553221;20439.99999996524;1577417931.7667608;1641555134.3553221;104400.0;79420.0;87.0;
797.2604116732986;4676.745774443956;581.1201273082472;20459.999999964646;-1578946523.3456092;-1643162051.8069928;20459.99999996505;1578962148.9456072;1643162138.8069928;104600.0;79572.0;87.0;
796.9604246958019;4685.835572797102;582.2395414540118;20479.999999964457;-1580490725.3244557;-1644769056.2586634;20479.99999996486;1580506366.124454;1644769143.2586634;104800.0;79724.0;87.0;
796.6604798373431;4694.925401539123;583.3589553992149;20499.999999964268;-1582034927.3033023;-1646376060.710334;20499.99999996467;1582050583.3033009;1646376147.710334;105000.0;79876.0;87.0;
796.3605769370749;4704.015260553321;584.4783691445556;20519.99999996408;-1583579129.2821488;-1647983065.1620047;20519.999999964482;1583594800.4821477;1647983152.1620047;105200.0;80028.0;87.0;
796.0607158350698;4713.105149723669;585.5977826907296;20539.99999996389;-1585123331.2609954;-1649590069.6136754;20539.999999964293;1585139017.6609945;1649590156.6136754;105400.0;80180.0;87.0;
795.7608963723127;4722.195068934804;586.7171960384288;20559.9999999637;-1586667533.239842;-1651197074.065346;20559.999999964104;1586683234.8398414;1651197161.065346;105600.0;80332.0;87.0;
795.4611183906943;4731.285018072028;587.836609188342;20579.99999996351;-1588211735.2186885;-1652804078.5170166;20579.999999963915;1588227452.0186882;1652804165.5170166;105800.0;80484.0;87.0;
795.1613817330043;4740.374997021295;588.9560221411539;20599.999999963322;-1589755937.197535;-1654411082.9686873;20599.999999963726;1589771669.197535;1654411169.9686873;106000.0;80636.0;87.0;
794.8616862429243;4749.46500566921;590.0754348975458;20619.999999963133;-1591300139.1763816;-1656018087.420358;20619.999999963537;1591315886.3763819;1656018174.420358;106200.0;80788.0;87.0;
794.5620317650212;4758.555043903025;591.1948474581958;20639.999999962944;-1592844341.1552281;-1657625091.8720286;20639.999999963347;1592860103.5552287;1657625178.8720286;106400.0;80940.0;87.0;
794.2624181447404;4767.645111610632;592.3142598237782;20659.999999962754;-1594388543.1340747;-1659232096.3236992;20659.99999996316;1594404320.7340755;1659232183.3236992;106600.0;81092.0;87.0;
793.9628452283998;4776.73520868056;593.4336719949639;20679.999999962565;-1595932745.1129212;-1660839100.77537;20679.99999996297;1595948537.9129224;1660839187.77537;106800.0;81244.0;87.0;
793.6633128631823;4785.8253350019695;594.5530839724206;20699.999999962376;-1597476947.0917678;-1662446105.2270405;20699.99999996278;1597492755.0917692;1662446192.2270405;107000.0;81396.0;87.0;
793.3638208971302;4794.915490464644;595.6724957568124;20719.99999996218;-1599021149.0706143;-1664053109.6787112;20719.99999996259;1599036972.270616;1664053196.6787112;107200.0;81548.0;87.0;
793.0643691791379;4804.005674958993;596.7919073488;20739.999999961983;-1600565351.049461;-1665660114.1303818;20739.999999962394;1600581189.449463;1665660201.1303818;107400.0;81700.0;87.0;
792.7649575589464;4813.095888376041;597.9113187490409;20759.999999961787;-1602109553.0283074;-1667267118.5820525;20759.999999962198;1602125406.6283097;1667267205.5820525;107600.0;81852.0;87.0;
792.4655858871365;4822.186130607426;599.0307299581891;20779.99999996159;-1603653755.007154;-1668874123.033723;20779.999999962;1603669623.8071566;1668874210.033723;107800.0;82004.0;87.0;
792.1662540151226;4831.276401545391;600.1501409768956;20799.999999961394;-1605197956.9860005;-1670481127.4853938;20799.999999961805;1605213840.9860034;1670481214.4853938;108000.0;82156.0;87.0;
791.8669617951465;4840.366701082787;601.2695518058076;20819.999999961197;-1606742158.9648473;-1672088131.9370644;20819.99999996161;1606758058.1648502;1672088218.9370644;108200.0;82308.0;87.0;
791.5677090802715;4849.457029113059;602.3889624455695;20839.999999961;-1608286360.9436944;-1673695136.388735;20839.999999961412;1608302275.343697;1673695223.388735;108400.0;82460.0;87.0;
791.268495724376;4858.547385530251;603.5083728968222;20859.999999960804;-1609830562.9225414;-1675302140.8404057;20859.999999961216;1609846492.522544;1675302227.8404057;108600.0;82612.0;87.0;
790.9693215821476;4867.637770228993;604.6277831602034;20879.999999960608;-1611374764.9013884;-1676909145.2920763;20879.99999996102;1611390709.7013907;1676909232.2920763;108800.0;82764.0;87.0;
790.6701865090773;4876.728183104501;605.7471932363478;20899.99999996041;-1612918966.8802354;-1678516149.743747;20899.999999960823;1612934926.8802376;1678516236.743747;109000.0;82916.0;87.0;
790.3710903614534;4885.818624052576;606.8666031258865;20919.999999960215;-1614463168.8590825;-1680123154.1954176;20919.999999960626;1614479144.0590844;1680123241.1954176;109200.0;83068.0;87.0;
790.0720329963557;4894.909092969591;607.9860128294479;20939.99999996002;-1616007370.8379295;-1681730158.6470883;20939.99999996043;1616023361.2379313;1681730245.6470883;109400.0;83220.0;87.0;
789.7730142716498;4903.999589752497;609.105422347657;20959.999999959822;-1617551572.8167765;-1683337163.098759;20959.999999960233;1617567578.416778;1683337250.098759;109600.0;83372.0;87.0;
789.474034045981;4913.090114298808;610.2248316811358;20979.999999959626;-1619095774.7956235;-1684944167.5504296;20979.999999960037;1619111795.595625;1684944254.5504296;109800.0;83524.0;87.0;
789.1750921787692;4922.180666506605;611.344240830503;20999.99999995943;-1620639976.7744706;-1686551172.0021002;20999.99999995984;1620656012.7744718;1686551259.0021002;110000.0;83676.0;87.0;
788.8761885302025;4931.271246274531;612.4636497963745;21019.999999959233;-1622184178.7533176;-1688158176.4537709;21019.999999959644;1622200229.9533186;1688158263.4537709;110200.0;83828.0;87.0;
788.5773229612324;4940.361853501782;613.583058579363;21039.99999995903;-1623728380.7321646;-1689765180.9054415;21039.999999959447;1623744447.1321654;1689765267.9054415;110400.0;83980.0;87.0;
788.2784953335678;4949.452488088108;614.702467180078;21059.999999958825;-1625272582.7110116;-1691372185.3571122;21059.999999959244;1625288664.3110123;1691372272.3571122;110600.0;84132.0;87.0;
787.9797055096692;4958.5431499338065;615.8218755991263;21079.99999995862;-1626816784.6898587;-1692979189.8087828;21079.99999995904;1626832881.489859;1692979276.8087828;110800.0;84284.0;87.0;
787.6809533527442;4967.633838939718;616.9412838371115;21099.999999958418;-1628360986.6687057;-1694586194.2604535;21099.999999958836;1628377098.668706;1694586281.2604535;111000.0;84436.0;87.0;
787.3822387267411;4976.724555007223;618.0606918946344;21119.999999958214;-1629905188.6475527;-1696193198.712124;21119.999999958633;1629921315.8475528;1696193285.712124;111200.0;84588.0;87.0;
787.0835614963443;4985.81529803824;619.1800997722925;21139.99999995801;-1631449390.6263998;-1697800203.1637948;21139.99999995843;1631465533.0263996;1697800290.1637948;111400.0;84740.0;87.0;
786.7849215269684;4994.90606793522;620.2995074706807;21159.999999957807;-1632993592.6052468;-1699407207.6154654;21159.999999958225;1633009750.2052464;1699407294.6154654;111600.0;84892.0;87.0;
786.4863186847538;5003.996864601138;621.4189149903908;21179.999999957603;-1634537794.5840938;-1701014212.067136;21179.99999995802;1634553967.3840933;1701014299.067136;111800.0;85044.0;87.0;
786.1877528365603;5013.087687939501;622.5383223320118;21199.9999999574;-1636081996.5629408;-1702621216.5188067;21199.999999957818;1636098184.5629401;1702621303.5188067;112000.0;85196.0;87.0;
785.8892238499631;5022.17853785433;623.6577294961297;21219.999999957196;-1637626198.5417879;-1704228220.9704773;21219.999999957614;1637642401.741787;1704228307.9704773;112200.0;85348.0;87.0;
785.5907315932468;5031.269414250167;624.7771364833278;21239.99999995699;-1639170400.520635;-1705835225.4221482;21239.99999995741;1639186618.9206338;1705835312.4221482;112400.0;85500.0;87.0;
785.2922759354012;5040.360317032065;625.8965432941864;21259.999999956788;-1640714602.499482;-1707442229.8738194;21259.999999957206;1640730836.0994806;1707442316.8738194;112600.0;85652.0;87.0;
784.9938567461154;5049.451246105589;627.0159499292829;21279.999999956584;-1642258804.478329;-1709049234.3254905;21279.999999957003;1642275053.2783275;1709049321.3254905;112800.0;85804.0;87.0;
784.6954738957733;5058.542201376808;628.1353563891922;21299.99999995638;-1643803006.457176;-1710656238.7771616;21299.9999999568;1643819270.4571743;1710656325.7771616;113000.0;85956.0;87.0;
784.3971272554488;5067.633182752295;629.2547626744861;21319.999999956177;-1645347208.436023;-1712263243.2288327;21319.999999956595;1645363487.6360211;1712263330.2288327;113200.0;86108.0;87.0;
784.0988166969006;5076.7241901391235;630.3741687857337;21339.999999955973;-1646891410.41487;-1713870247.6805038;21339.99999995639;1646907704.814868;1713870334.6805038;113400.0;86260.0;87.0;
783.8005420925674;5085.815223444857;631.4935747235014;21359.999999955762;-1648435612.393717;-1715477252.132175;21359.999999956188;1648451921.9937148;1715477339.132175;113600.0;86412.0;87.0;
783.5023033155634;5094.906282577556;632.6129804883531;21379.99999995555;-1649979814.372564;-1717084256.583846;21379.999999955977;1649996139.1725616;1717084343.583846;113800.0;86564.0;87.0;
783.204100239673;5103.997367445767;633.7323860808494;21399.99999995534;-1651524016.351411;-1718691261.0355172;21399.999999955766;1651540356.3514087;1718691348.0355172;114000.0;86716.0;87.0;
782.9059327393468;5113.088477958521;634.8517915015487;21419.99999995513;-1653068218.3302581;-1720298265.4871883;21419.999999955555;1653084573.530256;1720298352.4871883;114200.0;86868.0;87.0;
782.607800689696;5122.179614025332;635.9711967510066;21439.999999954918;-1654612420.3091052;-1721905269.9388595;21439.999999955344;1654628790.7091033;1721905356.9388595;114400.0;87020.0;87.0;
782.3097039664889;5131.270775556191;637.0906018297758;21459.999999954707;-1656156622.2879522;-1723512274.3905306;21459.999999955133;1656173007.8879507;1723512361.3905306;114600.0;87172.0;87.0;
782.0116424461452;5140.361962461565;638.2100067384066;21479.999999954496;-1657700824.2667992;-1725119278.8422017;21479.99999995492;1657717225.066798;1725119365.8422017;114800.0;87324.0;87.0;
781.7136160057322;5149.453174652391;639.3294114774466;21499.999999954285;-1659245026.2456462;-1726726283.2938728;21499.99999995471;1659261442.2456453;1726726370.2938728;115000.0;87476.0;87.0;
781.41562452296;5158.544412040073;640.4488160474407;21519.999999954074;-1660789228.2244933;-1728333287.745544;21519.9999999545;1660805659.4244926;1728333374.745544;115200.0;87628.0;87.0;
781.117667876177;5167.635674536485;641.5682204489312;21539.999999953863;-1662333430.2033403;-1729940292.197215;21539.99999995429;1662349876.60334;1729940379.197215;115400.0;87780.0;87.0;
780.8197459443658;5176.726962053956;642.687624682458;21559.999999953652;-1663877632.1821873;-1731547296.6488862;21559.999999954078;1663894093.7821872;1731547383.6488862;115600.0;87932.0;87.0;
780.5218586071379;5185.818274505277;643.8070287485583;21579.99999995344;-1665421834.1610343;-1733154301.1005573;21579.999999953867;1665438310.9610345;1733154388.1005573;115800.0;88084.0;87.0;
780.2240057447307;5194.909611803694;644.9264326477667;21599.99999995323;-1666966036.1398814;-1734761305.5522285;21599.999999953656;1666982528.1398818;1734761392.5522285;116000.0;88236.0;87.0;
779.926187238002;5204.000973862904;646.0458363806152;21619.99999995302;-1668510238.1187284;-1736368310.0038996;21619.999999953445;1668526745.3187292;1736368397.0038996;116200.0;88388.0;87.0;
779.6284029684261;5213.092360597054;647.1652399476337;21639.999999952808;-1670054440.0975754;-1737975314.4555707;21639.999999953234;1670070962.4975765;1737975401.4555707;116400.0;88540.0;87.0;
779.3306528180901;5222.183771920734;648.284643349349;21659.999999952597;-1671598642.0764225;-1739582318.9072418;21659.999999953023;1671615179.6764238;1739582405.9072418;116600.0;88692.0;87.0;
779.0329366696889;5231.275207748981;649.4040465862857;21679.999999952382;-1673142844.0552695;-1741189323.358913;21679.99999995281;1673159396.855271;1741189410.358913;116800.0;88844.0;87.0;
778.7352544065211;5240.366667997269;650.523449658966;21699.999999952164;-1674687046.0341165;-1742796327.810584;21699.999999952597;1674703614.0341184;1742796414.810584;117000.0;88996.0;87.0;
778.4376059124854;5249.458152581509;651.6428525679095;21719.999999951946;-1676231248.0129635;-1744403332.2622552;21719.99999995238;1676247831.2129657;1744403419.2622552;117200.0;89148.0;87.0;
778.1399910720761;5258.549661418046;652.7622553136334;21739.999999951728;-1677775449.9918106;-1746010336.7139263;21739.99999995216;1677792048.391813;1746010423.7139263;117400.0;89300.0;87.0;
777.8424097703792;5267.641194423652;653.8816578966527;21759.99999995151;-1679319651.9706576;-1747617341.1655974;21759.999999951942;1679336265.5706604;1747617428.1655974;117600.0;89452.0;87.0;
777.5448618930681;5276.732751515534;655.0010603174794;21779.99999995129;-1680863853.9495046;-1749224345.6172686;21779.999999951724;1680880482.7495077;1749224432.6172686;117800.0;89604.0;87.0;
777.2473473264;5285.824332611317;656.1204625766237;21799.999999951073;-1682408055.928352;-1750831350.0689397;21799.999999951506;1682424699.928355;1750831437.0689397;118000.0;89756.0;87.0;
776.9498659572117;5294.915937629051;657.2398646745932;21819.999999950855;-1683952257.9071996;-1752438354.5206108;21819.999999951287;1683968917.1072023;1752438441.5206108;118200.0;89908.0;87.0;
776.6524176729155;5304.007566487205;658.359266611893;21839.999999950636;-1685496459.8860471;-1754045358.972282;21839.99999995107;1685513134.2860496;1754045445.972282;118400.0;90060.0;87.0;
776.3550023614956;5313.099219104663;659.478668389026;21859.999999950418;-1687040661.8648946;-1755652363.423953;21859.99999995085;1687057351.464897;1755652450.423953;118600.0;90212.0;87.0;
776.0576199115043;5322.190895400723;660.5980700064927;21879.9999999502;-1688584863.8437421;-1757259367.8756242;21879.999999950633;1688601568.6437442;1757259454.8756242;118800.0;90364.0;87.0;
775.7602702120578;5331.282595295093;661.7174714647913;21899.99999994998;-1690129065.8225896;-1758866372.3272953;21899.999999950414;1690145785.8225915;1758866459.3272953;119000.0;90516.0;87.0;
775.4629531528325;5340.37431870789;662.8368727644176;21919.999999949763;-1691673267.8014371;-1760473376.7789664;21919.999999950196;1691690003.0014389;1760473463.7789664;119200.0;90668.0;87.0;
775.1656686240616;5349.4660655596335;663.9562739058654;21939.999999949545;-1693217469.7802846;-1762080381.2306376;21939.999999949978;1693234220.1802862;1762080468.2306376;119400.0;90820.0;87.0;
774.8684165165309;5358.5578357712475;665.0756748896258;21959.999999949327;-1694761671.7591321;-1763687385.6823087;21959.99999994976;1694778437.3591335;1763687472.6823087;119600.0;90972.0;87.0;
774.5711967215755;5367.649629264054;666.195075716188;21979.99999994911;-1696305873.7379797;-1765294390.1339798;21979.99999994954;1696322654.5379808;1765294477.1339798;119800.0;91124.0;87.0;
774.2740091310756;5376.741445959773;667.3144763860385;21999.99999994889;-1697850075.7168272;-1766901394.585651;21999.999999949323;1697866871.716828;1766901481.585651;120000.0;91276.0;87.0;
773.9768536374532;5385.833285780518;668.433876899662;22019.999999948668;-1699394277.6956747;-1768508399.037322;22019.999999949105;1699411088.8956754;1768508486.037322;120200.0;91428.0;87.0;
773.6797301336688;5394.925148648795;669.5532772575408;22039.999999948443;-1700938479.6745222;-1770115403.4889932;22039.999999948883;1700955306.0745227;1770115490.4889932;120400.0;91580.0;87.0;
773.3826385132171;5404.017034487496;670.6726774601549;22059.999999948217;-1702482681.6533697;-1771722407.9406643;22059.999999948657;1702499523.25337;1771722494.9406643;120600.0;91732.0;87.0;
773.0855786701239;5413.108943219903;671.7920775079823;22079.99999994799;-1704026883.6322172;-1773329412.3923354;22079.99999994843;1704043740.4322174;1773329499.3923354;120800.0;91884.0;87.0;
772.7885504989428;5422.200874769681;672.9114774014987;22099.999999947766;-1705571085.6110647;-1774936416.8440065;22099.999999948206;1705587957.6110647;1774936503.8440065;121000.0;92036.0;87.0;
772.4915538947508;5431.292829060873;674.0308771411776;22119.99999994754;-1707115287.5899122;-1776543421.2956777;22119.99999994798;1707132174.789912;1776543508.2956777;121200.0;92188.0;87.0;
772.1945887531459;5440.384806017903;675.1502767274902;22139.999999947315;-1708659489.5687597;-1778150425.7473488;22139.999999947755;1708676391.9687593;1778150512.7473488;121400.0;92340.0;87.0;
771.897654970243;5449.476805565572;676.2696761609059;22159.99999994709;-1710203691.5476072;-1779757430.19902;22159.99999994753;1710220609.1476066;1779757517.19902;121600.0;92492.0;87.0;
771.6007524426708;5458.568827629054;677.3890754418916;22179.999999946864;-1711747893.5264547;-1781364434.650691;22179.999999947304;1711764826.326454;1781364521.650691;121800.0;92644.0;87.0;
771.3038810675682;5467.660872133892;678.5084745709123;22199.999999946638;-1713292095.5053022;-1782971439.1023624;22199.99999994708;1713309043.5053012;1782971526.1023624;122000.0;92796.0;87.0;
771.0070407425811;5476.752939006001;679.627873548431;22219.999999946413;-1714836297.4841497;-1784578443.554034;22219.999999946853;1714853260.6841486;1784578530.554034;122200.0;92948.0;87.0;
770.710231365859;5485.84502817166;680.7472723749083;22239.999999946187;-1716380499.4629972;-1786185448.0057056;22239.999999946627;1716397477.8629959;1786185535.0057056;122400.0;93100.0;87.0;
770.4134528360519;5494.937139557513;681.866671050803;22259.99999994596;-1717924701.4418447;-1787792452.4573772;22259.9999999464;1717941695.0418432;1787792539.4573772;122600.0;93252.0;87.0;
770.1167050523063;5504.029273090565;682.9860695765715;22279.999999945736;-1719468903.4206922;-1789399456.9090488;22279.999999946176;1719485912.2206905;1789399543.9090488;122800.0;93404.0;87.0;
769.8199879142633;5513.12142869818;684.1054679526684;22299.99999994551;-1721013105.3995397;-1791006461.3607204;22299.99999994595;1721030129.3995378;1791006548.3607204;123000.0;93556.0;87.0;
769.5233013220538;5522.21360630808;685.2248661795461;22319.999999945285;-1722557307.3783872;-1792613465.812392;22319.999999945725;1722574346.578385;1792613552.812392;123200.0;93708.0;87.0;
769.2266451762968;5531.305805848338;686.3442642576551;22339.99999994506;-1724101509.3572347;-1794220470.2640636;22339.9999999455;1724118563.7572324;1794220557.2640636;123400.0;93860.0;87.0;
768.9300193780949;5540.398027247385;687.4636621874438;22359.999999944826;-1725645711.3360822;-1795827474.7157352;22359.999999945274;1725662780.9360797;1795827561.7157352;123600.0;94012.0;87.0;
768.6334238290323;5549.490270433995;688.5830599693587;22379.999999944594;-1727189913.3149297;-1797434479.1674068;22379.999999945045;1727206998.114927;1797434566.1674068;123800.0;94164.0;87.0;
768.3368584311709;5558.582535337294;689.7024576038441;22399.99999994436;-1728734115.2937772;-1799041483.6190784;22399.999999944812;1728751215.2937746;1799041570.6190784;124000.0;94316.0;87.0;
768.0403230870475;5567.674821886752;690.8218550913424;22419.999999944128;-1730278317.2726247;-1800648488.07075;22419.99999994458;1730295432.4726224;1800648575.07075;124200.0;94468.0;87.0;
767.7438176996708;5576.767130012183;691.9412524322942;22439.999999943895;-1731822519.2514722;-1802255492.5224216;22439.999999944346;1731839649.6514702;1802255579.5224216;124400.0;94620.0;87.0;
767.4473421725182;5585.85945964374;693.0606496271378;22459.999999943662;-1733366721.2303197;-1803862496.9740932;22459.999999944113;1733383866.830318;1803862583.9740932;124600.0;94772.0;87.0;
767.1508964095331;5594.951810711916;694.1800466763098;22479.99999994343;-1734910923.2091672;-1805469501.4257648;22479.99999994388;1734928084.0091658;1805469588.4257648;124800.0;94924.0;87.0;
766.8544803151211;5604.04418314754;695.2994435802447;22499.999999943197;-1736455125.1880147;-1807076505.8774364;22499.999999943648;1736472301.1880136;1807076592.8774364;125000.0;95076.0;87.0;
766.5580937941482;5613.136576881775;696.4188403393752;22519.999999942964;-1737999327.1668622;-1808683510.329108;22519.999999943415;1738016518.3668613;1808683597.329108;125200.0;95228.0;87.0;
766.2617367519371;5622.2289918461165;697.5382369541321;22539.99999994273;-1739543529.1457098;-1810290514.7807796;22539.999999943182;1739560735.5457091;1810290601.7807796;125400.0;95380.0;87.0;
765.9654090942641;5631.32142797239;698.6576334249442;22559.999999942498;-1741087731.1245573;-1811897519.2324512;22559.99999994295;1741104952.724557;1811897606.2324512;125600.0;95532.0;87.0;
765.6691107273572;5640.413885192748;699.7770297522383;22579.999999942265;-1742631933.1034048;-1813504523.6841228;22579.999999942716;1742649169.9034047;1813504610.6841228;125800.0;95684.0;87.0;
765.3728415578917;5649.506363439671;700.8964259364396;22599.999999942032;-1744176135.0822523;-1815111528.1357944;22599.999999942484;1744193387.0822525;1815111615.1357944;126000.0;95836.0;87.0;
765.076601492989;5658.59886264596;702.0158219779713;22619.9999999418;-1745720337.0610998;-1816718532.587466;22619.99999994225;1745737604.2611003;1816718619.587466;126200.0;95988.0;87.0;
764.7803904402125;5667.691382744741;703.1352178772546;22639.999999941567;-1747264539.0399473;-1818325537.0391376;22639.999999942018;1747281821.439948;1818325624.0391376;126400.0;96140.0;87.0;
764.4842083075655;5676.783923669456;704.2546136347089;22659.999999941334;-1748808741.0187948;-1819932541.4908092;22659.999999941785;1748826038.6187959;1819932628.4908092;126600.0;96292.0;87.0;
764.1880550034881;5685.876485353868;705.374009250752;22679.9999999411;-1750352942.9976423;-1821539545.9424808;22679.999999941552;1750370255.7976437;1821539632.9424808;126800.0;96444.0;87.0;
763.8919304368546;5694.969067732053;706.4934047257996;22699.999999940865;-1751897144.9764898;-1823146550.3941524;22699.99999994132;1751914472.9764915;1823146637.3941524;127000.0;96596.0;87.0;
763.5958345169709;5704.061670738402;707.6128000602655;22719.999999940625;-1753441346.9553373;-1824753554.845824;22719.999999941083;1753458690.1553392;1824753641.845824;127200.0;96748.0;87.0;
763.299767153571;5713.1542943076165;708.7321952545619;22739.999999940384;-1754985548.9341848;-1826360559.2974956;22739.999999940843;1755002907.334187;1826360646.2974956;127400.0;96900.0;87.0;
763.0037282568154;5722.246938374708;709.8515903090994;22759.999999940144;-1756529750.9130323;-1827967563.7491672;22759.999999940603;1756547124.5130348;1827967650.7491672;127600.0;97052.0;87.0;
762.7077177372876;5731.339602874996;710.9709852242863;22779.999999939904;-1758073952.8918798;-1829574568.2008388;22779.999999940363;1758091341.6918826;1829574655.2008388;127800.0;97204.0;87.0;
762.4117355059918;5740.4322877441045;712.0903800005295;22799.999999939664;-1759618154.8707273;-1831181572.6525104;22799.999999940123;1759635558.8707304;1831181659.6525104;128000.0;97356.0;87.0;
762.1157814743505;5749.524992917963;713.2097746382341;22819.999999939424;-1761162356.8495748;-1832788577.104182;22819.999999939882;1761179776.0495782;1832788664.104182;128200.0;97508.0;87.0;
761.8198555542011;5758.617718332801;714.3291691378031;22839.999999939184;-1762706558.8284228;-1834395581.5558536;22839.999999939642;1762723993.228426;1834395668.5558536;128400.0;97660.0;87.0;
761.5239576577943;5767.710463925149;715.4485634996382;22859.999999938944;-1764250760.8072708;-1836002586.0075252;22859.999999939402;1764268210.4072738;1836002673.0075252;128600.0;97812.0;87.0;
761.2280876977908;5776.803229631836;716.5679577241392;22879.999999938704;-1765794962.7861187;-1837609590.4591968;22879.999999939162;1765812427.5861216;1837609677.4591968;128800.0;97964.0;87.0;
760.9322455872588;5785.896015389986;717.687351811704;22899.999999938464;-1767339164.7649667;-1839216594.9108684;22899.999999938922;1767356644.7649693;1839216681.9108684;129000.0;98116.0;87.0;
760.6364312396719;5794.988821137019;718.8067457627292;22919.999999938223;-1768883366.7438147;-1840823599.36254;22919.999999938682;1768900861.9438171;1840823686.36254;129200.0;98268.0;87.0;
760.3406445689063;5804.081646810645;719.9261395776091;22939.999999937983;-1770427568.7226627;-1842430603.8142116;22939.99999993844;1770445079.122665;1842430690.8142116;129400.0;98420.0;87.0;
760.0448854892383;5813.174492348868;721.0455332567367;22959.999999937743;-1771971770.7015107;-1844037608.2658832;22959.9999999382;1771989296.3015127;1844037695.2658832;129600.0;98572.0;87.0;
759.7491539153416;5822.267357689977;722.1649268005033;22979.999999937503;-1773515972.6803586;-1845644612.7175548;22979.99999993796;1773533513.4803605;1845644699.7175548;129800.0;98724.0;87.0;
759.4534497622856;5831.360242772552;723.2843202092984;22999.999999937263;-1775060174.6592066;-1847251617.1692264;22999.99999993772;1775077730.6592083;1847251704.1692264;130000.0;98876.0;87.0;
759.1577729455322;5840.453147535455;724.4037134835099;23019.999999937023;-1776604376.6380546;-1848858621.620898;23019.99999993748;1776621947.838056;1848858708.620898;130200.0;99028.0;87.0;
758.8621233809336;5849.546071917834;725.5231066235241;23039.999999936783;-1778148578.6169026;-1850465626.0725696;23039.99999993724;1778166165.0169039;1850465713.0725696;130400.0;99180.0;87.0;
758.5665009847299;5858.639015859117;726.6424996297254;23059.999999936535;-1779692780.5957506;-1852072630.5242412;23059.999999937;1779710382.1957517;1852072717.5242412;130600.0;99332.0;87.0;
758.2709056735472;5867.731979299015;727.7618925024968;23079.999999936288;-1781236982.5745986;-1853679634.9759128;23079.999999936754;1781254599.3745995;1853679721.9759128;130800.0;99484.0;87.0;
757.9753373643942;5876.824962177513;728.8812852422196;23099.99999993604;-1782781184.5534465;-1855286639.4275844;23099.999999936506;1782798816.5534472;1855286726.4275844;131000.0;99636.0;87.0;
757.6797959746609;5885.917964434877;730.0006778492735;23119.999999935793;-1784325386.5322945;-1856893643.879256;23119.99999993626;1784343033.732295;1856893730.879256;131200.0;99788.0;87.0;
757.3842814221156;5895.0109860116445;731.1200703240365;23139.999999935546;-1785869588.5111425;-1858500648.3309276;23139.99999993601;1785887250.9111428;1858500735.3309276;131400.0;99940.0;87.0;
757.088793624903;5904.104026848628;732.2394626668852;23159.9999999353;-1787413790.4899905;-1860107652.7825992;23159.999999935764;1787431468.0899906;1860107739.7825992;131600.0;100092.0;87.0;
756.7933325015416;5913.19708688691;733.3588548781942;23179.99999993505;-1788957992.4688385;-1861714657.2342708;23179.999999935517;1788975685.2688384;1861714744.2342708;131800.0;100244.0;87.0;
756.4978979709218;5922.290166067846;734.4782469583369;23199.999999934804;-1790502194.4476864;-1863321661.6859424;23199.99999993527;1790519902.4476862;1863321748.6859424;132000.0;100396.0;87.0;
756.202489952303;5931.383264333057;735.597638907685;23219.999999934556;-1792046396.4265344;-1864928666.137614;23219.999999935022;1792064119.626534;1864928753.137614;132200.0;100548.0;87.0;
755.9071083653121;5940.476381624432;736.7170307266086;23239.99999993431;-1793590598.4053824;-1866535670.5892856;23239.999999934775;1793608336.8053818;1866535757.5892856;132400.0;100700.0;87.0;
755.6117531299406;5949.569517884125;737.8364224154764;23259.99999993406;-1795134800.3842304;-1868142675.0409577;23259.999999934527;1795152553.9842296;1868142762.0409577;132600.0;100852.0;87.0;
755.316424166543;5958.662673054552;738.9558139746551;23279.999999933814;-1796679002.3630784;-1869749679.4926298;23279.99999993428;1796696771.1630774;1869749766.4926298;132800.0;101004.0;87.0;
755.0211213958345;5967.755847078392;740.0752054045105;23299.999999933567;-1798223204.3419263;-1871356683.9443018;23299.999999934033;1798240988.3419251;1871356770.9443018;133000.0;101156.0;87.0;
754.7258447388883;5976.849039898584;741.1945967054063;23319.99999993332;-1799767406.3207743;-1872963688.395974;23319.999999933785;1799785205.520773;1872963775.395974;133200.0;101308.0;87.0;
754.4305941171341;5985.942251458327;742.313987877705;23339.999999933072;-1801311608.2996223;-1874570692.847646;23339.999999933538;1801329422.6996207;1874570779.847646;133400.0;101460.0;87.0;
754.1353694523555;5995.035481701073;743.4333789217675;23359.999999932825;-1802855810.2784703;-1876177697.299318;23359.99999993329;1802873639.8784685;1876177784.299318;133600.0;101612.0;87.0;
753.840170666688;6004.128730570535;744.5527698379532;23379.999999932577;-1804400012.2573183;-1877784701.7509902;23379.999999933043;1804417857.0573163;1877784788.7509902;133800.0;101764.0;87.0;
753.5449976826171;6013.221998010676;745.6721606266199;23399.99999993233;-1805944214.2361662;-1879391706.2026622;23399.999999932796;1805962074.236164;1879391793.2026622;134000.0;101916.0;87.0;
753.2498504229761;6022.315283965714;746.791551288124;23419.999999932075;-1807488416.2150142;-1880998710.6543343;23419.99999993255;1807506291.415012;1880998797.6543343;134200.0;102068.0;87.0;
752.9547288109438;6031.408588380116;747.9109418228203;23439.99999993182;-1809032618.1938622;-1882605715.1060064;23439.999999932294;1809050508.5938597;1882605802.1060064;134400.0;102220.0;87.0;
752.6596327700428;6040.501911198599;749.0303322310625;23459.999999931566;-1810576820.1727102;-1884212719.5576785;23459.99999993204;1810594725.7727075;1884212806.5576785;134600.0;102372.0;87.0;
752.3645622241369;6049.595252366129;750.1497225132024;23479.99999993131;-1812121022.1515582;-1885819724.0093505;23479.999999931784;1812138942.9515553;1885819811.0093505;134800.0;102524.0;87.0;
752.0695170974298;6058.688611827917;751.2691126695904;23499.999999931057;-1813665224.1304061;-1887426728.4610226;23499.99999993153;1813683160.1304033;1887426815.4610226;135000.0;102676.0;87.0;
751.7744973144626;6067.7819895294215;752.3885027005757;23519.999999930802;-1815209426.1092541;-1889033732.9126947;23519.999999931275;1815227377.3092515;1889033819.9126947;135200.0;102828.0;87.0;
751.4795028001118;6076.8753854163415;753.5078926065058;23539.999999930547;-1816753628.088102;-1890640737.3643668;23539.99999993102;1816771594.4880998;1890640824.3643668;135400.0;102980.0;87.0;
751.1845334795878;6085.968799434619;754.627282387727;23559.999999930293;-1818297830.06695;-1892247741.8160388;23559.999999930766;1818315811.666948;1892247828.8160388;135600.0;103132.0;87.0;
750.8895892784321;6095.062231530437;755.7466720445838;23579.999999930038;-1819842032.045798;-1893854746.267711;23579.99999993051;1819860028.8457963;1893854833.267711;135800.0;103284.0;87.0;
750.594670122516;6104.15568165022;756.8660615774196;23599.999999929783;-1821386234.024646;-1895461750.719383;23599.999999930256;1821404246.0246446;1895461837.719383;136000.0;103436.0;87.0;
750.2997759380386;6113.249149740625;757.9854509865764;23619.99999992953;-1822930436.003494;-1897068755.171055;23619.99999993;1822948463.2034929;1897068842.171055;136200.0;103588.0;87.0;
750.0049066515245;6122.342635748552;759.1048402723948;23639.999999929274;-1824474637.982342;-1898675759.6227272;23639.999999929747;1824492680.3823411;1898675846.6227272;136400.0;103740.0;87.0;
749.7100621898221;6131.436139621131;760.2242294352136;23659.99999992902;-1826018839.96119;-1900282764.0743992;23659.999999929492;1826036897.5611894;1900282851.0743992;136600.0;103892.0;87.0;
749.415242480102;6140.529661305728;761.3436184753707;23679.999999928765;-1827563041.940038;-1901889768.5260713;23679.999999929238;1827581114.7400377;1901889855.5260713;136800.0;104044.0;87.0;
749.1204474498547;6149.62320074994;762.4630073932024;23699.99999992851;-1829107243.918886;-1903496772.9777434;23699.999999928983;1829125331.918886;1903496859.9777434;137000.0;104196.0;87.0;
748.8256770268887;6158.716757901596;763.5823961890436;23719.999999928255;-1830651445.897734;-1905103777.4294155;23719.99999992873;1830669549.0977342;1905103864.4294155;137200.0;104348.0;87.0;
748.5309311393288;6167.810332708753;764.701784863228;23739.999999928;-1832195647.876582;-1906710781.8810875;23739.999999928474;1832213766.2765825;1906710868.8810875;137400.0;104500.0;87.0;
748.2362097156146;6176.903925119699;765.8211734160877;23759.999999927746;-1833739849.85543;-1908317786.3327596;23759.99999992822;1833757983.4554307;1908317873.3327596;137600.0;104652.0;87.0;
747.9415126844979;6185.997535082947;766.9405618479537;23779.999999927484;-1835284051.8342779;-1909924790.7844317;23779.999999927964;1835302200.634279;1909924877.7844317;137800.0;104804.0;87.0;
747.6468399750416;6195.0911625472345;768.0599501591554;23799.999999927222;-1836828253.8131258;-1911531795.2361038;23799.999999927702;1836846417.8131273;1911531882.2361038;138000.0;104956.0;87.0;
747.3521915166176;6204.184807461525;769.1793383500211;23819.99999992696;-1838372455.7919738;-1913138799.6877759;23819.99999992744;1838390634.9919755;1913138886.6877759;138200.0;105108.0;87.0;
747.0575672389048;6213.278469775006;770.2987264208776;23839.9999999267;-1839916657.7708218;-1914745804.139448;23839.99999992718;1839934852.1708238;1914745891.139448;138400.0;105260.0;87.0;
746.7629670718876;6222.372149437082;771.4181143720506;23859.999999926436;-1841460859.7496698;-1916352808.59112;23859.999999926917;1841479069.349672;1916352895.59112;138600.0;105412.0;87.0;
746.4683909458541;6231.465846397383;772.537502203864;23879.999999926174;-1843005061.7285178;-1917959813.042792;23879.999999926655;1843023286.5285203;1917959900.042792;138800.0;105564.0;87.0;
746.1738387913944;6240.559560605755;773.6568899166409;23899.999999925913;-1844549263.7073658;-1919566817.4944642;23899.999999926393;1844567503.7073686;1919566904.4944642;139000.0;105716.0;87.0;
745.8793105393986;6249.653292012264;774.776277510703;23919.99999992565;-1846093465.6862137;-1921173821.9461362;23919.99999992613;1846111720.8862169;1921173908.9461362;139200.0;105868.0;87.0;
745.5848061210553;6258.747040567189;775.8956649863704;23939.99999992539;-1847637667.6650617;-1922780826.3978083;23939.99999992587;1847655938.0650651;1922780913.3978083;139400.0;106020.0;87.0;
745.2903254678499;6267.84080622103;777.0150523439622;23959.999999925127;-1849181869.6439097;-1924387830.8494804;23959.999999925607;1849200155.2439134;1924387917.8494804;139600.0;106172.0;87.0;
744.9958685115628;6276.934588924496;778.1344395837963;23979.999999924865;-1850726071.6227582;-1925994835.3011525;23979.999999925345;1850744372.4227617;1925994922.3011525;139800.0;106324.0;87.0;
744.7014351842674;6286.02838862851;779.2538267061889;23999.999999924603;-1852270273.6016066;-1927601839.7528245;23999.999999925083;1852288589.60161;1927601926.7528245;140000.0;106476.0;87.0;
744.4070254183295;6295.122205284207;780.3732137114554;24019.99999992434;-1853814475.580455;-1929208844.2044966;24019.99999992482;1853832806.7804582;1929208931.2044966;140200.0;106628.0;87.0;
744.1126391464039;6304.216038842932;781.4926005999097;24039.99999992408;-1855358677.5593035;-1930815848.6561687;24039.99999992456;1855377023.9593065;1930815935.6561687;140400.0;106780.0;87.0;
743.8182763014346;6313.309889256241;782.6119873718644;24059.999999923817;-1856902879.538152;-1932422853.1078408;24059.999999924297;1856921241.1381547;1932422940.1078408;140600.0;106932.0;87.0;
743.5239368166518;6322.403756475896;783.7313740276311;24079.999999923555;-1858447081.5170004;-1934029857.5595129;24079.999999924035;1858465458.317003;1934029944.5595129;140800.0;107084.0;87.0;
743.229620625571;6331.4976404538675;784.85076056752;24099.999999923293;-1859991283.495849;-1935636862.011185;24099.999999923773;1860009675.4958513;1935636949.011185;141000.0;107236.0;87.0;
742.9353276619909;6340.591541142328;785.9701469918398;24119.99999992303;-1861535485.4746974;-1937243866.462857;24119.99999992351;1861553892.6746995;1937243953.462857;141200.0;107388.0;87.0;
742.6410578599921;6349.685458493659;787.0895333008983;24139.999999922766;-1863079687.4535458;-1938850870.914529;24139.99999992325;1863098109.8535478;1938850957.914529;141400.0;107540.0;87.0;
742.3468111539355;6358.779392460442;788.2089194950023;24159.999999922496;-1864623889.4323943;-1940457875.3662012;24159.999999922984;1864642327.032396;1940457962.3662012;141600.0;107692.0;87.0;
742.0525874784606;6367.873342995463;789.3283055744567;24179.999999922227;-1866168091.4112427;-1942064879.8178732;24179.999999922715;1866186544.2112443;1942064966.8178732;141800.0;107844.0;87.0;
741.758386768484;6376.967310051707;790.4476915395659;24199.999999921958;-1867712293.3900912;-1943671884.2695453;24199.999999922446;1867730761.3900926;1943671971.2695453;142000.0;107996.0;87.0;
741.4642089591977;6386.061293582359;791.5670773906326;24219.99999992169;-1869256495.3689396;-1945278888.7212174;24219.999999922176;1869274978.5689409;1945278975.7212174;142200.0;108148.0;87.0;
741.1700539860677;6395.155293540805;792.6864631279585;24239.99999992142;-1870800697.347788;-1946885893.1728895;24239.999999921907;1870819195.7477891;1946885980.1728895;142400.0;108300.0;87.0;
740.8759217848325;6404.249309880626;793.8058487518441;24259.99999992115;-1872344899.3266366;-1948492897.6245615;24259.999999921638;1872363412.9266374;1948492984.6245615;142600.0;108452.0;87.0;
740.5818122915013;6413.3433425556;794.9252342625888;24279.99999992088;-1873889101.305485;-1950099902.0762336;24279.99999992137;1873907630.1054857;1950099989.0762336;142800.0;108604.0;87.0;
740.2877254423528;6422.437391519702;796.0446196604905;24299.999999920612;-1875433303.2843335;-1951706906.5279057;24299.9999999211;1875451847.284334;1951706993.5279057;143000.0;108756.0;87.0;
739.9936611739334;6431.531456727098;797.1640049458465;24319.999999920343;-1876977505.263182;-1953313910.9795778;24319.99999992083;1876996064.4631822;1953313997.9795778;143200.0;108908.0;87.0;
739.699619423056;6440.62553813215;798.2833901189524;24339.999999920074;-1878521707.2420304;-1954920915.4312499;24339.99999992056;1878540281.6420305;1954921002.4312499;143400.0;109060.0;87.0;
739.4056001267982;6449.719635689411;799.4027751801028;24359.999999919804;-1880065909.2208788;-1956527919.882922;24359.999999920292;1880084498.8208787;1956528006.882922;143600.0;109212.0;87.0;
739.1116032225011;6458.813749353626;800.5221601295914;24379.999999919535;-1881610111.1997273;-1958134924.3345942;24379.999999920023;1881628715.999727;1958135011.3345942;143800.0;109364.0;87.0;
738.8176286477677;6467.907879079728;801.6415449677103;24399.999999919266;-1883154313.1785758;-1959741928.7862668;24399.999999919753;1883172933.1785753;1959742015.7862668;144000.0;109516.0;87.0;
738.5236763404615;6477.002024822842;802.7609296947508;24419.999999918997;-1884698515.1574242;-1961348933.2379394;24419.999999919484;1884717150.3574235;1961349020.2379394;144200.0;109668.0;87.0;
738.2297462387049;6486.096186538277;803.8803143110028;24439.999999918728;-1886242717.1362727;-1962955937.689612;24439.999999919215;1886261367.5362718;1962956024.689612;144400.0;109820.0;87.0;
737.9358382808779;6495.190364181532;804.9996988167554;24459.99999991846;-1887786919.1151211;-1964562942.1412845;24459.999999918946;1887805584.71512;1964563029.1412845;144600.0;109972.0;87.0;
737.6419524056166;6504.284557708289;806.1190832122963;24479.99999991819;-1889331121.0939696;-1966169946.592957;24479.999999918677;1889349801.8939683;1966170033.592957;144800.0;110124.0;87.0;
737.3480885518119;6513.378767074417;807.2384674979124;24499.99999991792;-1890875323.072818;-1967776951.0446296;24499.999999918407;1890894019.0728166;1967777038.0446296;145000.0;110276.0;87.0;
737.0542466586079;6522.472992235967;808.3578516738891;24519.999999917643;-1892419525.0516665;-1969383955.4963021;24519.99999991814;1892438236.2516649;1969384042.4963021;145200.0;110428.0;87.0;
736.7604266654008;6531.567233149173;809.4772357405108;24539.999999917367;-1893963727.030515;-1970990959.9479747;24539.999999917865;1893982453.4305131;1970991046.9479747;145400.0;110580.0;87.0;
736.4666285118373;6540.661489770452;810.5966196980609;24559.99999991709;-1895507929.0093634;-1972597964.3996472;24559.99999991759;1895526670.6093614;1972598051.3996472;145600.0;110732.0;87.0;
736.1728521378129;6549.755762056401;811.7160035468218;24579.999999916814;-1897052130.9882119;-1974204968.8513198;24579.999999917312;1897070887.7882097;1974205055.8513198;145800.0;110884.0;87.0;
735.8790974834715;6558.850049963796;812.8353872870746;24599.999999916537;-1898596332.9670603;-1975811973.3029923;24599.999999917036;1898615104.967058;1975812060.3029923;146000.0;111036.0;87.0;
735.5853644892028;6567.94435344959;813.9547709190994;24619.99999991626;-1900140534.9459088;-1977418977.754665;24619.99999991676;1900159322.1459062;1977419064.754665;146200.0;111188.0;87.0;
735.291653095642;6577.038672470919;815.0741544431752;24639.999999915985;-1901684736.9247572;-1979025982.2063375;24639.999999916483;1901703539.3247545;1979026069.2063375;146400.0;111340.0;87.0;
734.9979632436678;6586.13300698509;816.19353785958;24659.999999915708;-1903228938.9036057;-1980632986.65801;24659.999999916206;1903247756.5036027;1980633073.65801;146600.0;111492.0;87.0;
734.7042948744013;6595.227356949589;817.3129211685906;24679.99999991543;-1904773140.8824542;-1982239991.1096826;24679.99999991593;1904791973.682451;1982240078.1096826;146800.0;111644.0;87.0;
734.410647929205;6604.321722322076;818.4323043704828;24699.999999915155;-1906317342.8613026;-1983846995.561355;24699.999999915653;1906336190.8612993;1983847082.561355;147000.0;111796.0;87.0;
734.1170223496806;6613.416103060385;819.5516874655315;24719.99999991488;-1907861544.840151;-1985454000.0130277;24719.999999915377;1907880408.0401475;1985454087.0130277;147200.0;111948.0;87.0;
733.8234180776687;6622.510499122521;820.6710704540102;24739.999999914602;-1909405746.8189995;-1987061004.4647002;24739.9999999151;1909424625.218996;1987061091.4647002;147400.0;112100.0;87.0;
733.529835055247;6631.604910466663;821.7904533361918;24759.999999914326;-1910949948.797848;-1988668008.9163728;24759.999999914824;1910968842.3978448;1988668095.9163728;147600.0;112252.0;87.0;
733.2362732247288;6640.699337051161;822.9098361123478;24779.99999991405;-1912494150.7766964;-1990275013.3680453;24779.999999914548;1912513059.5766935;1990275100.3680453;147800.0;112404.0;87.0;
732.9427325286623;6649.793778834533;824.0292187827486;24799.999999913773;-1914038352.755545;-1991882017.819718;24799.99999991427;1914057276.7555423;1991882104.819718;148000.0;112556.0;87.0;
732.6492129098287;6658.88823577547;825.148601347664;24819.999999913496;-1915582554.7343934;-1993489022.2713904;24819.999999913995;1915601493.934391;1993489109.2713904;148200.0;112708.0;87.0;
732.3557143112416;6667.982707832827;826.2679838073625;24839.99999991322;-1917126756.7132418;-1995096026.723063;24839.999999913718;1917145711.1132398;1995096113.723063;148400.0;112860.0;87.0;
732.0622366761452;6677.077194965629;827.3873661621116;24859.999999912943;-1918670958.6920903;-1996703031.1747355;24859.99999991344;1918689928.2920885;1996703118.1747355;148600.0;113012.0;87.0;
731.7687799480133;6686.171697133065;828.5067484121777;24879.999999912667;-1920215160.6709387;-1998310035.626408;24879.999999913165;1920234145.4709373;1998310122.626408;148800.0;113164.0;87.0;
731.4753440705479;6695.266214294492;829.6261305578263;24899.999999912383;-1921759362.6497872;-1999917040.0780807;24899.99999991289;1921778362.649786;1999917127.0780807;149000.0;113316.0;87.0;
731.1819289876784;6704.36074640943;830.745512599322;24919.9999999121;-1923303564.6286356;-2001524044.5297532;24919.99999991261;1923322579.8286347;2001524131.5297532;149200.0;113468.0;87.0;
730.8885346435599;6713.455293437564;831.8648945369281;24939.999999911815;-1924847766.607484;-2003131048.9814258;24939.999999912325;1924866797.0074835;2003131135.9814258;149400.0;113620.0;87.0;
730.5951609825719;6722.5498553387415;832.9842763709072;24959.99999991153;-1926391968.5863326;-2004738053.4330983;24959.99999991204;1926411014.1863322;2004738140.4330983;149600.0;113772.0;87.0;
730.3018079493179;6731.644432072971;834.1036581015209;24979.999999911248;-1927936170.565181;-2006345057.8847709;24979.999999911757;1927955231.365181;2006345144.8847709;149800.0;113924.0;87.0;
730.0084754886233;6740.739023600421;835.2230397290294;24999.999999910964;-1929480372.5440295;-2007952062.3364434;24999.999999911473;1929499448.5440297;2007952149.3364434;150000.0;114076.0;87.0;
729.7151635455347;6749.833629881424;836.3424212536925;25019.99999991068;-1931024574.522878;-2009559066.788116;25019.99999991119;1931043665.7228785;2009559153.788116;150200.0;114228.0;87.0;
729.4218720653184;6758.928250876468;837.4618026757687;25039.999999910397;-1932568776.5017264;-2011166071.2397885;25039.999999910906;1932587882.9017272;2011166158.2397885;150400.0;114380.0;87.0;
729.1286009934598;6768.022886546202;838.5811839955156;25059.999999910113;-1934112978.4805748;-2012773075.691461;25059.999999910622;1934132100.080576;2012773162.691461;150600.0;114532.0;87.0;
728.8353502756614;6777.117536851432;839.7005652131897;25079.99999990983;-1935657180.4594233;-2014380080.1431336;25079.99999991034;1935676317.2594247;2014380167.1431336;150800.0;114684.0;87.0;
728.5421198578425;6786.212201753121;840.8199463290468;25099.999999909545;-1937201382.4382718;-2015987084.5948062;25099.999999910055;1937220534.4382734;2015987171.5948062;151000.0;114836.0;87.0;
728.2489096861375;6795.3068812123865;841.9393273433416;25119.99999990926;-1938745584.4171202;-2017594089.0464787;25119.99999990977;1938764751.6171222;2017594176.0464787;151200.0;114988.0;87.0;
727.9557197068949;6804.4015751905035;843.0587082563277;25139.999999908978;-1940289786.3959687;-2019201093.4981513;25139.999999909487;1940308968.795971;2019201180.4981513;151400.0;115140.0;87.0;
727.6625498666762;6813.496283648899;844.1780890682579;25159.999999908694;-1941833988.3748171;-2020808097.9498239;25159.999999909203;1941853185.9748197;2020808184.9498239;151600.0;115292.0;87.0;
727.3694001122547;6822.591006549155;845.2974697793843;25179.99999990841;-1943378190.3536656;-2022415102.4014964;25179.99999990892;1943397403.1536684;2022415189.4014964;151800.0;115444.0;87.0;
727.0762703906147;6831.685743853006;846.4168503899576;25199.999999908126;-1944922392.332514;-2024022106.853169;25199.999999908636;1944941620.3325171;2024022193.853169;152000.0;115596.0;87.0;
726.7831606489498;6840.780495522338;847.536230900228;25219.999999907843;-1946466594.3113625;-2025629111.3048415;25219.999999908352;1946485837.511366;2025629198.3048415;152200.0;115748.0;87.0;
726.4900708346622;6849.875261519188;848.6556113104444;25239.99999990756;-1948010796.290211;-2027236115.756514;25239.99999990807;1948030054.6902146;2027236202.756514;152400.0;115900.0;87.0;
726.1970008953616;6858.970041805744;849.7749916208552;25259.999999907275;-1949554998.2690594;-2028843120.2081866;25259.999999907785;1949574271.8690634;2028843207.2081866;152600.0;116052.0;87.0;
725.9039507788641;6868.0648363443415;850.8943718317073;25279.999999906988;-1951099200.2479084;-2030450124.6598592;25279.9999999075;1951118489.0479121;2030450211.6598592;152800.0;116204.0;87.0;
725.610920433191;6877.1596450974685;852.0137519432471;25299.999999906697;-1952643402.2267573;-2032057129.1115317;25299.999999907217;1952662706.2267609;2032057216.1115317;153000.0;116356.0;87.0;
725.3179098065677;6886.254468027757;853.1331319557202;25319.999999906406;-1954187604.2056062;-2033664133.5632043;25319.999999906926;1954206923.4056096;2033664220.5632043;153200.0;116508.0;87.0;
725.0249188474229;6895.34930509799;854.2525118693708;25339.999999906115;-1955731806.1844552;-2035271138.0148768;25339.999999906635;1955751140.5844584;2035271225.0148768;153400.0;116660.0;87.0;
724.731947504387;6904.444156271093;855.3718916844426;25359.999999905824;-1957276008.163304;-2036878142.4665494;25359.999999906344;1957295357.763307;2036878229.4665494;153600.0;116812.0;87.0;
724.4389957262918;6913.539021510138;856.4912714011784;25379.999999905533;-1958820210.142153;-2038485146.918222;25379.999999906053;1958839574.9421558;2038485233.918222;153800.0;116964.0;87.0;
724.1460634621686;6922.633900778344;857.6106510198201;25399.99999990524;-1960364412.121002;-2040092151.3698945;25399.99999990576;1960383792.1210046;2040092238.3698945;154000.0;117116.0;87.0;
723.8531506612483;6931.7287940390715;858.7300305406085;25419.99999990495;-1961908614.099851;-2041699155.821567;25419.99999990547;1961928009.2998533;2041699242.821567;154200.0;117268.0;87.0;
723.5602572729589;6940.823701255828;859.8494099637835;25439.99999990466;-1963452816.0786998;-2043306160.2732396;25439.99999990518;1963472226.478702;2043306247.2732396;154400.0;117420.0;87.0;
723.2673832469259;6949.91862239226;860.9687892895844;25459.99999990437;-1964997018.0575488;-2044913164.7249122;25459.99999990489;1965016443.6575508;2044913251.7249122;154600.0;117572.0;87.0;
722.9745285329701;6959.013557412156;862.0881685182495;25479.999999904077;-1966541220.0363977;-2046520169.1765847;25479.999999904598;1966560660.8363996;2046520256.1765847;154800.0;117724.0;87.0;
722.6816930811075;6968.108506279448;863.2075476500162;25499.999999903786;-1968085422.0152466;-2048127173.6282573;25499.999999904307;1968104878.0152483;2048127260.6282573;155000.0;117876.0;87.0;
722.3888768415476;6977.203468958206;864.3269266851211;25519.999999903495;-1969629623.9940956;-2049734178.0799298;25519.999999904016;1969649095.194097;2049734265.0799298;155200.0;118028.0;87.0;
722.0960797646931;6986.298445412641;865.4463056237996;25539.999999903204;-1971173825.9729445;-2051341182.5316024;25539.999999903725;1971193312.3729458;2051341269.5316024;155400.0;118180.0;87.0;
721.8033018011381;6995.393435607103;866.5656844662869;25559.999999902913;-1972718027.9517934;-2052948186.983275;25559.999999903433;1972737529.5517945;2052948273.983275;155600.0;118332.0;87.0;
721.5105429016678;7004.48843950608;867.6850632128169;25579.999999902622;-1974262229.9306424;-2054555191.4349475;25579.999999903142;1974281746.7306433;2054555278.4349475;155800.0;118484.0;87.0;
721.2178030172571;7013.583457074196;868.8044418636225;25599.99999990233;-1975806431.9094913;-2056162195.88662;25599.99999990285;1975825963.909492;2056162282.88662;156000.0;118636.0;87.0;
720.9250820990698;7022.678488276215;869.9238204189362;25619.99999990204;-1977350633.8883402;-2057769200.3382926;25619.99999990256;1977370181.0883408;2057769287.3382926;156200.0;118788.0;87.0;
720.6323800984576;7031.773533077033;871.0431988789894;25639.99999990175;-1978894835.8671892;-2059376204.7899652;25639.99999990227;1978914398.2671895;2059376291.7899652;156400.0;118940.0;87.0;
720.3396969669593;7040.868591441685;872.1625772440127;25659.999999901458;-1980439037.846038;-2060983209.2416377;25659.99999990198;1980458615.4460382;2060983296.241638;156600.0;119092.0;87.0;
720.0470326562995;7049.963663335339;873.2819555142357;25679.999999901163;-1981983239.824887;-2062590213.6933107;25679.999999901687;1982002832.624887;2062590300.693311;156800.0;119244.0;87.0;
719.7543871183879;7059.058748723299;874.4013336898876;25699.999999900865;-1983527441.803736;-2064197218.1449838;25699.999999901396;1983547049.8037357;2064197305.144984;157000.0;119396.0;87.0;
719.4617603053181;7068.153847570999;875.5207117711963;25719.999999900567;-1985071643.782585;-2065804222.5966568;25719.999999901098;1985091266.9825845;2065804309.596657;157200.0;119548.0;87.0;
719.1691521693671;7077.248959844006;876.6400897583892;25739.99999990027;-1986615845.7614338;-2067411227.0483298;25739.9999999008;1986635484.1614332;2067411314.04833;157400.0;119700.0;87.0;
718.8765626629939;7086.344085508022;877.7594676516927;25759.99999989997;-1988160047.7402828;-2069018231.5000029;25759.9999999005;1988179701.340282;2069018318.500003;157600.0;119852.0;87.0;
718.5839917388392;7095.439224528877;878.8788454513326;25779.999999899672;-1989704249.7191317;-2070625235.951676;25779.999999900203;1989723918.5191307;2070625322.9516761;157800.0;120004.0;87.0;
718.2914393497235;7104.534376872534;879.9982231575336;25799.999999899374;-1991248451.6979806;-2072232240.403349;25799.999999899905;1991268135.6979795;2072232327.4033492;158000.0;120156.0;87.0;
717.9989054486472;7113.629542505086;881.1176007705199;25819.999999899075;-1992792653.6768296;-2073839244.855022;25819.999999899606;1992812352.8768282;2073839331.8550222;158200.0;120308.0;87.0;
717.7063899887889;7122.724721392753;882.2369782905146;25839.999999898777;-1994336855.6556785;-2075446249.306695;25839.999999899308;1994356570.055677;2075446336.3066952;158400.0;120460.0;87.0;
717.4138929235053;7131.819913501885;883.3563557177401;25859.99999989848;-1995881057.6345274;-2077053253.758368;25859.99999989901;1995900787.2345257;2077053340.7583683;158600.0;120612.0;87.0;
717.1214142063292;7140.91511879896;884.4757330524184;25879.99999989818;-1997425259.6133764;-2078660258.210041;25879.99999989871;1997445004.4133744;2078660345.2100413;158800.0;120764.0;87.0;
716.8289537909698;7150.010337250584;885.5951102947699;25899.999999897882;-1998969461.5922253;-2080267262.661714;25899.999999898413;1998989221.5922232;2080267349.6617143;159000.0;120916.0;87.0;
716.5365116313111;7159.105568823487;886.7144874450149;25919.999999897584;-2000513663.5710742;-2081874267.113387;25919.999999898115;2000533438.771072;2081874354.1133873;159200.0;121068.0;87.0;
716.2440876814111;7168.20081348453;887.8338645033728;25939.999999897285;-2002057865.5499232;-2083481271.5650601;25939.999999897816;2002077655.9499207;2083481358.5650604;159400.0;121220.0;87.0;
715.9516818955011;7177.296071200694;888.9532414700618;25959.999999896987;-2003602067.528772;-2085088276.0167332;25959.999999897518;2003621873.1287694;2085088363.0167334;159600.0;121372.0;87.0;
715.6592942279847;7186.391341939088;890.0726183452998;25979.99999989669;-2005146269.507621;-2086695280.4684062;25979.99999989722;2005166090.3076181;2086695367.4684064;159800.0;121524.0;87.0;
715.366924633437;7195.486625666944;891.1919951293039;25999.99999989639;-2006690471.48647;-2088302284.9200792;25999.99999989692;2006710307.486467;2088302371.9200795;160000.0;121676.0;87.0;
715.0745730666035;7204.581922351617;892.3113718222902;26019.999999896092;-2008234673.465319;-2089909289.3717523;26019.999999896623;2008254524.6653156;2089909376.3717525;160200.0;121828.0;87.0;
714.7822394824;7213.677231960588;893.430748424474;26039.999999895794;-2009778875.4441679;-2091516293.8234253;26039.999999896325;2009798741.8441644;2091516380.8234255;160400.0;121980.0;87.0;
714.4899238359106;7222.772554461457;894.55012493607;26059.999999895495;-2011323077.4230168;-2093123298.2750983;26059.999999896027;2011342959.023013;2093123385.2750986;160600.0;122132.0;87.0;
714.1976260823881;7231.867889821946;895.6695013572922;26079.999999895193;-2012867279.4018657;-2094730302.7267714;26079.99999989573;2012887176.2018619;2094730389.7267716;160800.0;122284.0;87.0;
713.9053461772518;7240.963238009899;896.7888776883538;26099.999999894888;-2014411481.3807147;-2096337307.1784444;26099.99999989543;2014431393.380711;2096337394.1784446;161000.0;122436.0;87.0;
713.6130840760881;7250.058598993281;897.908253929467;26119.999999894582;-2015955683.3595636;-2097944311.6301174;26119.999999895124;2015975610.5595603;2097944398.6301177;161200.0;122588.0;87.0;
713.3208397346484;7259.153972740175;899.0276300808438;26139.999999894277;-2017499885.3384125;-2099551316.0817904;26139.99999989482;2017519827.7384095;2099551403.0817907;161400.0;122740.0;87.0;
713.0286131088494;7268.249359218786;900.1470061426947;26159.99999989397;-2019044087.3172615;-2101158320.5334635;26159.999999894513;2019064044.9172587;2101158407.5334637;161600.0;122892.0;87.0;
712.7364041547713;7277.344758397434;901.2663821152302;26179.999999893666;-2020588289.2961104;-2102765324.9851365;26179.999999894208;2020608262.096108;2102765411.9851367;161800.0;123044.0;87.0;
712.4442128286576;7286.440170244561;902.3857579986595;26199.99999989336;-2022132491.2749593;-2104372329.4368095;26199.999999893902;2022152479.2749572;2104372416.4368098;162000.0;123196.0;87.0;
712.1520390869141;7295.5355947287235;903.5051337931915;26219.999999893054;-2023676693.2538083;-2105979333.8884826;26219.999999893596;2023696696.4538064;2105979420.8884828;162200.0;123348.0;87.0;
711.8598828861082;7304.631031818596;904.6245094990339;26239.99999989275;-2025220895.2326572;-2107586338.3401556;26239.99999989329;2025240913.6326556;2107586425.3401558;162400.0;123500.0;87.0;
711.5677441829678;7313.7264814829705;905.7438851163943;26259.999999892443;-2026765097.2115061;-2109193342.7918286;26259.999999892985;2026785130.8115048;2109193429.7918289;162600.0;123652.0;87.0;
711.275622934381;7322.821943690753;906.8632606454789;26279.999999892138;-2028309299.190355;-2110800347.2435017;26279.99999989268;2028329347.990354;2110800434.243502;162800.0;123804.0;87.0;
710.9835190973948;7331.917418410964;907.9826360864938;26299.999999891832;-2029853501.169204;-2112407351.6951747;26299.999999892374;2029873565.1692033;2112407438.695175;163000.0;123956.0;87.0;
710.6914326292148;7341.0129056127425;909.1020114396438;26319.999999891526;-2031397703.148053;-2114014356.1468477;26319.99999989207;2031417782.3480525;2114014443.146848;163200.0;124108.0;87.0;
710.399363487204;7350.108405265337;910.2213867051333;26339.99999989122;-2032941905.1269019;-2115621360.5985208;26339.999999891763;2032961999.5269017;2115621447.598521;163400.0;124260.0;87.0;
710.1073116288821;7359.203917338113;911.3407618831662;26359.999999890915;-2034486107.1057508;-2117228365.0501938;26359.999999891457;2034506216.705751;2117228452.050194;163600.0;124412.0;87.0;
709.8152770119252;7368.2994418005455;912.4601369739454;26379.99999989061;-2036030309.0845997;-2118835369.5018668;26379.99999989115;2036050433.8846002;2118835456.501867;163800.0;124564.0;87.0;
709.5232595941644;7377.394978622226;913.579511977673;26399.999999890304;-2037574511.0634487;-2120442373.9535398;26399.999999890846;2037594651.0634494;2120442460.95354;164000.0;124716.0;87.0;
709.2312593335854;7386.490527772853;914.6988868945506;26419.99999989;-2039118713.0422976;-2122049378.4052129;26419.99999989054;2039138868.2422986;2122049465.405213;164200.0;124868.0;87.0;
708.9392761883277;7395.586089222241;915.8182617247791;26439.999999889693;-2040662915.0211465;-2123656382.856886;26439.999999890235;2040683085.4211478;2123656469.8568861;164400.0;125020.0;87.0;
708.6473101166836;7404.681662940312;916.9376364685586;26459.999999889387;-2042207116.9999955;-2125263387.308559;26459.99999988993;2042227302.599997;2125263474.3085592;164600.0;125172.0;87.0;
708.3553610770979;7413.7772488970995;918.0570111260886;26479.99999988908;-2043751318.9788444;-2126870391.760232;26479.999999889624;2043771519.7788463;2126870478.7602322;164800.0;125324.0;87.0;
708.063429028167;7422.8728470627475;919.1763856975679;26499.99999988877;-2045295520.9576933;-2128477396.211905;26499.999999889318;2045315736.9576955;2128477483.2119052;165000.0;125476.0;87.0;
707.7715139286378;7431.968457407507;920.2957601831946;26519.999999888456;-2046839722.9365423;-2130084400.663578;26519.99999988901;2046859954.1365447;2130084487.6635783;165200.0;125628.0;87.0;
707.4796157374075;7441.06407990174;921.415134583166;26539.999999888143;-2048383924.9153912;-2131691405.115251;26539.999999888696;2048404171.315394;2131691492.1152513;165400.0;125780.0;87.0;
707.1877344135227;7450.159714515914;922.5345088976791;26559.99999988783;-2049928126.8942401;-2133298409.566924;26559.999999888383;2049948388.4942431;2133298496.5669243;165600.0;125932.0;87.0;
706.8958699161782;7459.255361220606;923.6538831269297;26579.999999887517;-2051472328.873089;-2134905414.0185971;26579.99999988807;2051492605.6730924;2134905501.0185974;165800.0;126084.0;87.0;
706.6040222047171;7468.351019986499;924.7732572711134;26599.999999887204;-2053016530.851938;-2136512418.4702702;26599.999999887757;2053036822.8519416;2136512505.4702704;166000.0;126236.0;87.0;
706.3121912386296;7477.4466907843835;925.8926313304248;26619.99999988689;-2054560732.830787;-2138119422.9219432;26619.999999887445;2054581040.0307908;2138119509.9219434;166200.0;126388.0;87.0;
706.0203769775521;7486.542373585155;927.012005305058;26639.99999988658;-2056104934.8096359;-2139726427.3736162;26639.99999988713;2056125257.20964;2139726514.3736165;166400.0;126540.0;87.0;
705.7285793812673;7495.638068359814;928.1313791952064;26659.999999886266;-2057649136.7884848;-2141333431.8252892;26659.99999988682;2057669474.3884892;2141333518.8252895;166600.0;126692.0;87.0;
705.4367984097024;7504.733775079467;929.2507530010627;26679.999999885953;-2059193338.767334;-2142940436.2769623;26679.999999886506;2059213691.5673385;2142940523.2769625;166800.0;126844.0;87.0;
705.1450340229293;7513.829493715326;930.3701267228189;26699.99999988564;-2060737540.7461834;-2144547440.7286353;26699.999999886193;2060757908.7461877;2144547527.7286355;167000.0;126996.0;87.0;
704.8532861811634;7522.925224238704;931.4895003606667;26719.999999885327;-2062281742.7250328;-2146154445.1803083;26719.99999988588;2062302125.925037;2146154532.1803086;167200.0;127148.0;87.0;
704.5615548447634;7532.02096662102;932.6088739147966;26739.999999885014;-2063825944.7038822;-2147761449.6319814;26739.999999885567;2063846343.1038861;2147761536.631982;167400.0;127300.0;87.0;
704.2698399742299;7541.116720833796;933.7282473853988;26759.9999998847;-2065370146.6827316;-2149368454.083655;26759.999999885255;2065390560.2827353;2149368541.0836554;167600.0;127452.0;87.0;
703.9781415302052;7550.2124868486535;934.8476207726629;26779.99999988439;-2066914348.661581;-2150975458.5353284;26779.99999988494;2066934777.4615846;2150975545.535329;167800.0;127604.0;87.0;
703.686459473473;7559.30826463732;935.9669940767777;26799.999999884076;-2068458550.6404305;-2152582462.987002;26799.99999988463;2068478994.6404338;2152582549.9870024;168000.0;127756.0;87.0;
703.3947937649566;7568.404054171621;937.0863672979312;26819.999999883763;-2070002752.6192799;-2154189467.4386754;26819.999999884316;2070023211.819283;2154189554.438676;168200.0;127908.0;87.0;
703.1031443657193;7577.499855423486;938.2057404363112;26839.99999988345;-2071546954.5981293;-2155796471.890349;26839.999999884003;2071567428.9981322;2155796558.8903494;168400.0;128060.0;87.0;
702.8115112369634;7586.595668364943;939.3251134921045;26859.999999883137;-2073091156.5769787;-2157403476.3420224;26859.99999988369;2073111646.1769814;2157403563.342023;168600.0;128212.0;87.0;
702.5198943400292;7595.691492968121;940.4444864654974;26879.999999882824;-2074635358.555828;-2159010480.793696;26879.999999883377;2074655863.3558307;2159010567.7936964;168800.0;128364.0;87.0;
702.2282936363948;7604.787329205247;941.5638593566757;26899.99999988251;-2076179560.5346775;-2160617485.2453694;26899.999999883064;2076200080.53468;2160617572.24537;169000.0;128516.0;87.0;
701.9367090876754;7613.8831770486495;942.6832321658244;26919.99999988219;-2077723762.513527;-2162224489.697043;26919.99999988275;2077744297.713529;2162224576.6970434;169200.0;128668.0;87.0;
701.6451406556221;7622.979036470752;943.8026048931278;26939.99999988187;-2079267964.4923763;-2163831494.1487164;26939.999999882435;2079288514.8923783;2163831581.148717;169400.0;128820.0;87.0;
701.353588302122;7632.074907444081;944.9219775387697;26959.99999988155;-2080812166.4712257;-2165438498.60039;26959.999999882115;2080832732.0712276;2165438585.6003904;169600.0;128972.0;87.0;
701.0620519891975;7641.170789941257;946.0413501029335;26979.99999988123;-2082356368.4500751;-2167045503.0520635;26979.999999881795;2082376949.2500768;2167045590.052064;169800.0;129124.0;87.0;
700.7705316790048;7650.266683934999;947.1607225858016;26999.99999988091;-2083900570.4289246;-2168652507.503737;26999.999999881475;2083921166.428926;2168652594.5037374;170000.0;129276.0;87.0;
700.4790273338341;7659.3625893981225;948.2800949875561;27019.99999988059;-2085444772.407774;-2170259511.9554105;27019.999999881155;2085465383.6077752;2170259598.955411;170200.0;129428.0;87.0;
700.1875389161089;7668.45850630354;949.3994673083783;27039.99999988027;-2086988974.3866234;-2171866516.407084;27039.999999880834;2087009600.7866244;2171866603.4070845;170400.0;129580.0;87.0;
699.8960663883851;7677.5544346242605;950.5188395484489;27059.99999987995;-2088533176.3654728;-2173473520.8587575;27059.999999880514;2088553817.9654737;2173473607.858758;170600.0;129732.0;87.0;
699.6046097133504;7686.650374333386;951.6382117079481;27079.99999987963;-2090077378.3443222;-2175080525.310431;27079.999999880194;2090098035.1443229;2175080612.3104315;170800.0;129884.0;87.0;
699.3131688538241;7695.746325404115;952.7575837870554;27099.99999987931;-2091621580.3231716;-2176687529.7621045;27099.999999879874;2091642252.323172;2176687616.762105;171000.0;130036.0;87.0;
699.0217437727557;7704.84228780974;953.8769557859497;27119.99999987899;-2093165782.302021;-2178294534.213778;27119.999999879554;2093186469.5020213;2178294621.2137785;171200.0;130188.0;87.0;
698.730334433225;7713.938261523646;954.9963277048095;27139.99999987867;-2094709984.2808704;-2179901538.6654515;27139.999999879234;2094730686.6808705;2179901625.665452;171400.0;130340.0;87.0;
698.4389407984412;7723.034246519316;956.1156995438124;27159.99999987835;-2096254186.2597198;-2181508543.117125;27159.999999878914;2096274903.8597198;2181508630.1171255;171600.0;130492.0;87.0;
698.1475628317423;7732.130242770323;957.2350713031356;27179.99999987803;-2097798388.2385693;-2183115547.5687985;27179.999999878593;2097819121.038569;2183115634.568799;171800.0;130644.0;87.0;
697.8562004965946;7741.226250250333;958.3544429829557;27199.99999987771;-2099342590.2174187;-2184722552.020472;27199.999999878273;2099363338.2174182;2184722639.0204725;172000.0;130796.0;87.0;
697.5648537565921;7750.322268933104;959.4738145834488;27219.99999987739;-2100886792.196268;-2186329556.4721456;27219.999999877953;2100907555.3962674;2186329643.472146;172200.0;130948.0;87.0;
697.2735225754554;7759.418298792487;960.5931861047902;27239.99999987707;-2102430994.1751175;-2187936560.923819;27239.999999877633;2102451772.5751166;2187936647.9238195;172400.0;131100.0;87.0;
696.9822069170323;7768.514339802424;961.7125575471548;27259.99999987675;-2103975196.153967;-2189543565.3754926;27259.999999877313;2103995989.7539659;2189543652.375493;172600.0;131252.0;87.0;
696.6909067452957;7777.610391936948;962.8319289107168;27279.99999987643;-2105519398.1328163;-2191150569.827166;27279.999999876993;2105540206.932815;2191150656.8271666;172800.0;131404.0;87.0;
696.3996220243444;7786.7064551701815;963.9513001956499;27299.99999987611;-2107063600.1116657;-2192757574.2788396;27299.999999876673;2107084424.1116643;2192757661.27884;173000.0;131556.0;87.0;
696.1083527184013;7795.80252947634;965.0706714021272;27319.99999987579;-2108607802.0905151;-2194364578.730513;27319.999999876352;2108628641.2905135;2194364665.7305136;173200.0;131708.0;87.0;
695.817098791814;7804.898614829726;966.1900425303214;27339.999999875465;-2110152004.0693645;-2195971583.1821866;27339.999999876032;2110172858.4693627;2195971670.182187;173400.0;131860.0;87.0;
695.5258602090533;7813.994711204732;967.3094135804043;27359.999999875137;-2111696206.048214;-2197578587.63386;27359.999999875712;2111717075.648212;2197578674.6338606;173600.0;132012.0;87.0;
695.2346369347131;7823.090818575841;968.4287845525474;27379.99999987481;-2113240408.0270634;-2199185592.0855336;27379.999999875385;2113261292.8270612;2199185679.085534;173800.0;132164.0;87.0;
694.9434289335095;7832.186936917623;969.5481554469216;27399.999999874482;-2114784610.0059128;-2200792596.537207;27399.999999875057;2114805510.0059104;2200792683.5372076;174000.0;132316.0;87.0;
694.6522361702808;7841.283066204735;970.6675262636969;27419.999999874155;-2116328811.9847622;-2202399600.9888806;27419.99999987473;2116349727.1847596;2202399687.988881;174200.0;132468.0;87.0;
694.3610586099865;7850.379206411925;971.7868970030434;27439.999999873828;-2117873013.9636116;-2204006605.440554;27439.999999874402;2117893944.3636088;2204006692.4405546;174400.0;132620.0;87.0;
694.0698962177065;7859.475357514026;972.90626766513;27459.9999998735;-2119417215.942461;-2205613609.8922276;27459.999999874075;2119438161.542458;2205613696.892228;174600.0;132772.0;87.0;
693.7787489586412;7868.571519485958;974.0256382501256;27479.999999873173;-2120961417.9213104;-2207220614.343901;27479.999999873748;2120982378.7213073;2207220701.3439016;174800.0;132924.0;87.0;
693.4876167981107;7877.667692302726;975.145008758198;27499.999999872845;-2122505619.9001598;-2208827618.7955747;27499.99999987342;2122526595.9001565;2208827705.795575;175000.0;133076.0;87.0;
693.1964997015538;7886.763875939427;976.2643791895148;27519.999999872518;-2124049821.8790092;-2210434623.247248;27519.999999873093;2124070813.0790057;2210434710.2472486;175200.0;133228.0;87.0;
692.9053976345282;7895.860070371235;977.3837495442431;27539.99999987219;-2125594023.8578587;-2212041627.6989217;27539.999999872765;2125615030.257855;2212041714.698922;175400.0;133380.0;87.0;
692.6143105627093;7904.956275573418;978.5031198225493;27559.999999871863;-2127138225.836708;-2213648632.150595;27559.999999872438;2127159247.4367042;2213648719.1505957;175600.0;133532.0;87.0;
692.3232384518903;7914.052491521323;979.6224900245992;27579.999999871536;-2128682427.8155575;-2215255636.6022687;27579.99999987211;2128703464.6155536;2215255723.602269;175800.0;133684.0;87.0;
692.032181267981;7923.148718190383;980.7418601505582;27599.99999987121;-2130226629.794407;-2216862641.053942;27599.999999871783;2130247681.7944033;2216862728.0539427;176000.0;133836.0;87.0;
691.7411389770076;7932.244955556117;981.8612302005912;27619.99999987088;-2131770831.7732563;-2218469645.5056157;27619.999999871456;2131791898.973253;2218469732.505616;176200.0;133988.0;87.0;
691.4501115451125;7941.341203594125;982.9806001748625;27639.999999870553;-2133315033.7521057;-2220076649.957289;27639.99999987113;2133336116.1521027;2220076736.9572897;176400.0;134140.0;87.0;
691.1590989385529;7950.437462280092;984.0999700735358;27659.999999870226;-2134859235.7309551;-2221683654.4089627;27659.9999998708;2134880333.3309524;2221683741.408963;176600.0;134292.0;87.0;
690.8681011237013;7959.533731589787;985.2193398967744;27679.9999998699;-2136403437.7098045;-2223290658.860636;27679.999999870473;2136424550.509802;2223290745.8606367;176800.0;134444.0;87.0;
690.5771180670444;7968.630011499059;986.3387096447409;27699.99999986957;-2137947639.688654;-2224897663.3123097;27699.999999870146;2137968767.6886518;2224897750.31231;177000.0;134596.0;87.0;
690.2861497351821;7977.72630198384;987.4580793175976;27719.999999869244;-2139491841.6675034;-2226504667.7639832;27719.99999986982;2139512984.8675015;2226504754.7639837;177200.0;134748.0;87.0;
689.9951960948284;7986.822603020146;988.577448915506;27739.999999868916;-2141036043.6463528;-2228111672.2156568;27739.99999986949;2141057202.0463512;2228111759.215657;177400.0;134900.0;87.0;
689.7042571128096;7995.918914584072;989.6968184386274;27759.99999986859;-2142580245.6252022;-2229718676.6673303;27759.999999869164;2142601419.225201;2229718763.6673307;177600.0;135052.0;87.0;
689.4133327560642;8005.015236651796;990.8161878871223;27779.999999868258;-2144124447.6040516;-2231325681.119004;27779.999999868836;2144145636.4040506;2231325768.1190042;177800.0;135204.0;87.0;
689.1224229916425;8014.111569199576;991.9355572611508;27799.999999867923;-2145668649.582901;-2232932685.5706773;27799.99999986851;2145689853.5829003;2232932772.5706778;178000.0;135356.0;87.0;
688.831527786706;8023.2079122037485;993.0549265608727;27819.99999986759;-2147212851.5617504;-2234539690.022351;27819.999999868174;2147234070.76175;2234539777.0223513;178200.0;135508.0;87.0;
688.5406471085271;8032.304265640733;994.1742957864469;27839.999999867254;-2148757053.5406;-2236146694.4740243;27839.99999986784;2148778287.9405994;2236146781.474025;178400.0;135660.0;87.0;
688.2497809244882;8041.400629487029;995.293664938032;27859.99999986692;-2150301255.519449;-2237753698.925698;27859.999999867505;2150322505.1194487;2237753785.9256983;178600.0;135812.0;87.0;
687.9589292020815;8050.4970037192115;996.4130340157859;27879.999999866584;-2151845457.4982986;-2239360703.3773713;27879.99999986717;2151866722.298298;2239360790.377372;178800.0;135964.0;87.0;
687.6680919089085;8059.593388313939;997.5324030198665;27899.99999986625;-2153389659.477148;-2240967707.829045;27899.999999866835;2153410939.477147;2240967794.8290453;179000.0;136116.0;87.0;
687.3772690126796;8068.689783247944;998.6517719504307;27919.999999865915;-2154933861.4559975;-2242574712.2807183;27919.9999998665;2154955156.6559963;2242574799.280719;179200.0;136268.0;87.0;
687.0864604812131;8077.786188498042;999.771140807635;27939.99999986558;-2156478063.434847;-2244181716.732392;27939.999999866166;2156499373.8348455;2244181803.7323923;179400.0;136420.0;87.0;
686.7956662824353;8086.882604041123;1000.8905095916355;27959.999999865246;-2158022265.4136963;-2245788721.1840653;27959.99999986583;2158043591.013695;2245788808.184066;179600.0;136572.0;87.0;
686.5048863843797;8095.979029854157;1002.0098783025877;27979.99999986491;-2159566467.3925457;-2247395725.635739;27979.999999865497;2159587808.192544;2247395812.6357393;179800.0;136724.0;87.0;
686.2141207551867;8105.075465914188;1003.1292469406468;27999.999999864576;-2161110669.371395;-2249002730.0874124;27999.999999865162;2161132025.371393;2249002817.087413;180000.0;136876.0;87.0;
685.9233693631033;8114.171912198338;1004.2486155059672;28019.99999986424;-2162654871.3502445;-2250609734.539086;28019.999999864827;2162676242.5502424;2250609821.5390863;180200.0;137028.0;87.0;
685.632632176482;8123.268368683809;1005.3679839987032;28039.999999863907;-2164199073.329094;-2252216738.9907594;28039.999999864493;2164220459.7290916;2252216825.99076;180400.0;137180.0;87.0;
685.3419091637809;8132.364835347875;1006.4873524190082;28059.999999863572;-2165743275.3079433;-2253823743.442433;28059.999999864158;2165764676.907941;2253823830.4424334;180600.0;137332.0;87.0;
685.0512002935628;8141.461312167888;1007.6067207670354;28079.999999863237;-2167287477.2867928;-2255430747.8941064;28079.999999863823;2167308894.08679;2255430834.894107;180800.0;137484.0;87.0;
684.7605055344953;8150.557799121274;1008.7260890429376;28099.999999862903;-2168831679.265642;-2257037752.34578;28099.99999986349;2168853111.2656393;2257037839.3457804;181000.0;137636.0;87.0;
684.4698248553498;8159.654296185536;1009.8454572468668;28119.999999862568;-2170375881.2444916;-2258644756.7974534;28119.999999863154;2170397328.4444885;2258644843.797454;181200.0;137788.0;87.0;
684.1791582250014;8168.75080333825;1010.9648253789745;28139.999999862233;-2171920083.223341;-2260251761.249127;28139.99999986282;2171941545.6233377;2260251848.2491274;181400.0;137940.0;87.0;
683.8885056124282;8177.847320557067;1012.0841934394122;28159.9999998619;-2173464285.2021904;-2261858765.7008004;28159.999999862484;2173485762.802187;2261858852.700801;181600.0;138092.0;87.0;
683.5978669867109;8186.943847819714;1013.2035614283303;28179.999999861564;-2175008487.18104;-2263465770.152474;28179.99999986215;2175029979.981036;2263465857.1524744;181800.0;138244.0;87.0;
683.3072423170324;8196.04038510399;1014.3229293458793;28199.99999986123;-2176552689.159889;-2265072774.6041474;28199.999999861815;2176574197.1598854;2265072861.604148;182000.0;138396.0;87.0;
683.0166315726774;8205.136932387768;1015.4422971922088;28219.999999860895;-2178096891.1387386;-2266679779.055821;28219.99999986148;2178118414.3387346;2266679866.0558214;182200.0;138548.0;87.0;
682.726034723032;8214.233489648994;1016.5616649674681;28239.999999860553;-2179641093.117588;-2268286783.5074944;28239.999999861146;2179662631.517584;2268286870.507495;182400.0;138700.0;87.0;
682.4354517375828;8223.330056865685;1017.6810326718063;28259.99999986021;-2181185295.0964375;-2269893787.959168;28259.999999860807;2181206848.696433;2269893874.9591684;182600.0;138852.0;87.0;
682.1448825859171;8232.426634015936;1018.8004003053715;28279.99999985987;-2182729497.075287;-2271500792.4108415;28279.999999860465;2182751065.8752823;2271500879.410842;182800.0;139004.0;87.0;
681.8543272377221;8241.523221077907;1019.9197678683116;28299.999999859527;-2184273699.0541363;-2273107796.862515;28299.999999860123;2184295283.0541315;2273107883.8625154;183000.0;139156.0;87.0;
681.5637856627845;8250.619818029836;1021.0391353607741;28319.999999859185;-2185817901.0329857;-2274714801.3141885;28319.99999985978;2185839500.2329807;2274714888.314189;183200.0;139308.0;87.0;
681.2732578309902;8259.716424850032;1022.1585027829061;28339.999999858843;-2187362103.011835;-2276321805.765862;28339.99999985944;2187383717.41183;2276321892.7658625;183400.0;139460.0;87.0;
680.9827437123236;8268.813041516873;1023.277870134854;28359.9999998585;-2188906304.9906845;-2277928810.2175355;28359.999999859097;2188927934.590679;2277928897.217536;183600.0;139612.0;87.0;
680.6922432768672;8277.909668008806;1024.3972374167638;28379.99999985816;-2190450506.969534;-2279535814.669209;28379.999999858755;2190472151.7695284;2279535901.6692095;183800.0;139764.0;87.0;
680.4017564948017;8287.006304304352;1025.5166046287814;28399.999999857817;-2191994708.9483833;-2281142819.1208825;28399.999999858414;2192016368.9483776;2281142906.120883;184000.0;139916.0;87.0;
680.1112833364049;8296.102950382105;1026.6359717710516;28419.999999857475;-2193538910.9272327;-2282749823.572556;28419.99999985807;2193560586.127228;2282749910.5725565;184200.0;140068.0;87.0;
679.8208237720514;8305.199606220722;1027.7553388437193;28439.999999857133;-2195083112.906082;-2284356828.0242295;28439.99999985773;2195104803.306078;2284356915.02423;184400.0;140220.0;87.0;
679.5303777722128;8314.296271798934;1028.8747058469285;28459.99999985679;-2196627314.8849316;-2285963832.475903;28459.999999857388;2196649020.484928;2285963919.4759035;184600.0;140372.0;87.0;
679.2399453074563;8323.392947095543;1029.9940727808232;28479.99999985645;-2198171516.863781;-2287570836.9275765;28479.999999857046;2198193237.6637783;2287570923.927577;184800.0;140524.0;87.0;
678.9495263484453;8332.489632089415;1031.113439645547;28499.999999856107;-2199715718.8426304;-2289177841.37925;28499.999999856704;2199737454.8426285;2289177928.3792505;185000.0;140676.0;87.0;
678.659120865938;8341.58632675949;1032.2328064412427;28519.999999855765;-2201259920.82148;-2290784845.8309236;28519.99999985636;2201281672.0214787;2290784932.830924;185200.0;140828.0;87.0;
678.3687288307877;8350.683031084776;1033.3521731680526;28539.999999855423;-2202804122.800329;-2292391850.282597;28539.99999985602;2202825889.200329;2292391937.2825975;185400.0;140980.0;87.0;
678.0783502139423;8359.779745044345;1034.4715398261187;28559.99999985508;-2204348324.7791786;-2293998854.7342706;28559.999999855678;2204370106.379179;2293998941.734271;185600.0;141132.0;87.0;
677.7879849864433;8368.876468617338;1035.5909064155828;28579.99999985474;-2205892526.758028;-2295605859.185944;28579.999999855336;2205914323.558029;2295605946.1859446;185800.0;141284.0;87.0;
677.4976331194264;8377.97320178297;1036.710272936586;28599.999999854397;-2207436728.7368774;-2297212863.6376176;28599.999999854994;2207458540.7368793;2297212950.637618;186000.0;141436.0;87.0;
677.2072945841201;8387.069944520515;1037.8296393892692;28619.999999854055;-2208980930.715727;-2298819868.089291;28619.999999854652;2209002757.9157295;2298819955.0892916;186200.0;141588.0;87.0;
676.9169693518459;8396.16669680932;1038.9490057737726;28639.999999853713;-2210525132.6945763;-2300426872.5409646;28639.99999985431;2210546975.0945797;2300426959.540965;186400.0;141740.0;87.0;
676.6266573940178;8405.263458628795;1040.0683720902357;28659.99999985337;-2212069334.6734257;-2302033876.992638;28659.999999853968;2212091192.27343;2302033963.9926386;186600.0;141892.0;87.0;
676.3363586821418;8414.360229958418;1041.1877383387985;28679.99999985303;-2213613536.652275;-2303640881.4443116;28679.999999853626;2213635409.45228;2303640968.444312;186800.0;142044.0;87.0;
676.0460731878155;8423.457010777734;1042.3071045195995;28699.99999985268;-2215157738.6311245;-2305247885.895985;28699.999999853284;2215179626.63113;2305247972.8959856;187000.0;142196.0;87.0;
675.7558008827277;8432.553801066355;1043.4264706327779;28719.99999985233;-2216701940.609974;-2306854890.3476586;28719.99999985294;2216723843.8099804;2306854977.347659;187200.0;142348.0;87.0;
675.4655417386583;8441.650600803954;1044.5458366784715;28739.99999985198;-2218246142.5888233;-2308461894.799332;28739.99999985259;2218268060.9888306;2308461981.7993326;187400.0;142500.0;87.0;
675.1752957274774;8450.747409970274;1045.6652026568179;28759.999999851632;-2219790344.5676727;-2310068899.2510056;28759.99999985224;2219812278.1676807;2310068986.251006;187600.0;142652.0;87.0;
674.8850628211454;8459.844228545118;1046.7845685679547;28779.999999851283;-2221334546.546522;-2311675903.702679;28779.99999985189;2221356495.346531;2311675990.7026796;187800.0;142804.0;87.0;
674.5948429917123;8468.94105650836;1047.9039344120185;28799.999999850934;-2222878748.5253716;-2313282908.1543527;28799.99999985154;2222900712.525381;2313282995.154353;188000.0;142956.0;87.0;
674.3046362113174;8478.037893839935;1049.0233001891463;28819.999999850585;-2224422950.504221;-2314889912.606026;28819.999999851192;2224444929.7042313;2314889999.6060266;188200.0;143108.0;87.0;
674.0144424521891;8487.134740519843;1050.1426658994737;28839.999999850235;-2225967152.4830704;-2316496917.0576997;28839.999999850843;2225989146.8830814;2316497004.0577;188400.0;143260.0;87.0;
673.7242616866441;8496.231596528149;1051.2620315431368;28859.999999849886;-2227511354.46192;-2318103921.509373;28859.999999850494;2227533364.0619316;2318104008.5093737;188600.0;143412.0;87.0;
673.4340938870877;8505.328461844978;1052.3813971202703;28879.999999849537;-2229055556.440769;-2319710925.9610467;28879.999999850144;2229077581.240782;2319711012.961047;188800.0;143564.0;87.0;
673.1439390260125;8514.425336450522;1053.5007626310094;28899.999999849188;-2230599758.4196186;-2321317930.41272;28899.999999849795;2230621798.419632;2321318017.4127207;189000.0;143716.0;87.0;
672.8537970759988;8523.522220325036;1054.6201280754883;28919.99999984884;-2232143960.398468;-2322924934.8643937;28919.999999849446;2232166015.598482;2322925021.864394;189200.0;143868.0;87.0;
672.5636680097142;8532.619113448836;1055.739493453841;28939.99999984849;-2233688162.3773174;-2324531939.316067;28939.999999849097;2233710232.7773323;2324532026.3160677;189400.0;144020.0;87.0;
672.2735517999126;8541.716015802303;1056.8588587662016;28959.99999984814;-2235232364.356167;-2326138943.7677407;28959.999999848747;2235254449.9561825;2326139030.767741;189600.0;144172.0;87.0;
671.9834484194345;8550.812927365878;1057.9782240127029;28979.99999984779;-2236776566.3350163;-2327745948.219414;28979.999999848398;2236798667.1350327;2327746035.2194147;189800.0;144324.0;87.0;
671.6933578412062;8559.909848120065;1059.0975891934777;28999.99999984744;-2238320768.3138657;-2329352952.6710877;28999.99999984805;2238342884.313883;2329353039.671088;190000.0;144476.0;87.0;
671.4032800382397;8569.00677804543;1060.2169543086586;29019.999999847092;-2239864970.292715;-2330959957.1227612;29019.9999998477;2239887101.492733;2330960044.1227617;190200.0;144628.0;87.0;
671.1132149836324;8578.103717122602;1061.3363193583775;29039.999999846743;-2241409172.2715645;-2332566961.5744348;29039.99999984735;2241431318.671583;2332567048.574435;190400.0;144780.0;87.0;
670.8231626505662;8587.200665332268;1062.455684342766;29059.999999846394;-2242953374.250414;-2334173966.0261083;29059.999999847;2242975535.8504333;2334174053.0261087;190600.0;144932.0;87.0;
670.5331230123081;8596.297622655178;1063.5750492619554;29079.999999846044;-2244497576.2292633;-2335780970.477782;29079.999999846652;2244519753.0292835;2335781057.4777822;190800.0;145084.0;87.0;
670.2430960422087;8605.394589072144;1064.6944141160764;29099.999999845695;-2246041778.2081127;-2337387974.9294553;29099.999999846303;2246063970.2081337;2337388061.9294558;191000.0;145236.0;87.0;
669.9530817137027;8614.491564564036;1065.8137789052594;29119.999999845346;-2247585980.186962;-2338994979.381129;29119.999999845953;2247608187.386984;2338995066.3811293;191200.0;145388.0;87.0;
669.6630800003084;8623.588549111786;1066.9331436296345;29139.999999844997;-2249130182.1658125;-2340601983.8328023;29139.999999845604;2249152404.565834;2340602070.832803;191400.0;145540.0;87.0;
669.3730908756269;8632.685542696387;1068.0525082893314;29159.99999984464;-2250674384.144663;-2342208988.284476;29159.999999845255;2250696621.744684;2342209075.2844763;191600.0;145692.0;87.0;
669.0831143133423;8641.782545298887;1069.1718728844794;29179.999999844284;-2252218586.123513;-2343815992.7361493;29179.999999844906;2252240838.9235344;2343816079.73615;191800.0;145844.0;87.0;
668.7931502872212;8650.879556900401;1070.2912374152074;29199.999999843927;-2253762788.1023636;-2345422997.187823;29199.99999984455;2253785056.1023846;2345423084.1878233;192000.0;145996.0;87.0;
668.5031987711121;8659.976577482097;1071.410601881644;29219.99999984357;-2255306990.081214;-2347030001.6394963;29219.999999844193;2255329273.2812347;2347030088.639497;192200.0;146148.0;87.0;
668.2132597389455;8669.073607025204;1072.5299662839168;29239.999999843214;-2256851192.0600643;-2348637006.09117;29239.999999843836;2256873490.460085;2348637093.0911703;192400.0;146300.0;87.0;
667.9233331647329;8678.17064551101;1073.649330622154;29259.999999842858;-2258395394.0389147;-2350244010.5428433;29259.99999984348;2258417707.638935;2350244097.542844;192600.0;146452.0;87.0;
667.6334190225672;8687.267692920865;1074.7686948964827;29279.9999998425;-2259939596.017765;-2351851014.994517;29279.999999843123;2259961924.8177853;2351851101.9945173;192800.0;146604.0;87.0;
667.3435172866219;8696.364749236169;1075.8880591070301;29299.999999842144;-2261483797.9966154;-2353458019.4461904;29299.999999842767;2261506141.9966354;2353458106.446191;193000.0;146756.0;87.0;
667.053627931151;8705.461814438386;1077.0074232539228;29319.999999841788;-2263027999.975466;-2355065023.897864;29319.99999984241;2263050359.1754856;2355065110.8978643;193200.0;146908.0;87.0;
666.7637509304885;8714.558888509038;1078.1267873372867;29339.99999984143;-2264572201.954316;-2356672028.3495374;29339.999999842054;2264594576.354336;2356672115.349538;193400.0;147060.0;87.0;
666.4738862590482;8723.655971429704;1079.2461513572478;29359.999999841075;-2266116403.9331665;-2358279032.801211;29359.999999841697;2266138793.533186;2358279119.8012114;193600.0;147212.0;87.0;
666.1840338913231;8732.753063182017;1080.3655153139316;29379.99999984072;-2267660605.912017;-2359886037.2528844;29379.99999984134;2267683010.712036;2359886124.252885;193800.0;147364.0;87.0;
665.8941938018854;8741.850163747673;1081.484879207463;29399.999999840362;-2269204807.890867;-2361493041.704558;29399.999999840984;2269227227.8908863;2361493128.7045584;194000.0;147516.0;87.0;
665.6043659653861;8750.94727310842;1082.6042430379673;29419.999999840005;-2270749009.8697176;-2363100046.1562314;29419.999999840627;2270771445.0697365;2363100133.156232;194200.0;147668.0;87.0;
665.3145503565546;8760.044391246065;1083.7236068055684;29439.99999983965;-2272293211.848568;-2364707050.607905;29439.99999984027;2272315662.2485867;2364707137.6079054;194400.0;147820.0;87.0;
665.0247469501983;8769.141518142469;1084.8429705103902;29459.999999839292;-2273837413.8274183;-2366314055.0595784;29459.999999839914;2273859879.427437;2366314142.059579;194600.0;147972.0;87.0;
664.7349557212024;8778.238653779554;1085.9623341525567;29479.999999838936;-2275381615.8062687;-2367921059.511253;29479.999999839558;2275404096.606287;2367921146.5112534;194800.0;148124.0;87.0;
664.4451766445295;8787.335798139291;1087.0816977321908;29499.99999983858;-2276925817.785119;-2369528063.9629273;29499.9999998392;2276948313.785137;2369528150.962928;195000.0;148276.0;87.0;
664.1554096952198;8796.432951203715;1088.2010612494157;29519.999999838223;-2278470019.7639694;-2371135068.414602;29519.999999838845;2278492530.9639874;2371135155.4146023;195200.0;148428.0;87.0;
663.8656548483896;8805.530112954908;1089.3204247043539;29539.999999837866;-2280014221.74282;-2372742072.8662763;29539.99999983849;2280036748.1428375;2372742159.8662767;195400.0;148580.0;87.0;
663.5759120792322;8814.627283375014;1090.4397880971273;29559.99999983751;-2281558423.72167;-2374349077.3179507;29559.99999983813;2281580965.3216877;2374349164.317951;195600.0;148732.0;87.0;
663.286181363017;8823.724462446227;1091.559151427858;29579.999999837153;-2283102625.7005205;-2375956081.769625;29579.999999837775;2283125182.500538;2375956168.7696257;195800.0;148884.0;87.0;
662.9964626750892;8832.821650150798;1092.6785146966674;29599.999999836797;-2284646827.679371;-2377563086.2212996;29599.99999983742;2284669399.679388;2377563173.2213;196000.0;149036.0;87.0;
662.7067559908697;8841.918846471033;1093.7978779036764;29619.99999983644;-2286191029.6582212;-2379170090.672974;29619.999999837062;2286213616.858238;2379170177.6729746;196200.0;149188.0;87.0;
662.4170612858545;8851.016051389293;1094.917241049006;29639.999999836076;-2287735231.6370716;-2380777095.1246486;29639.999999836706;2287757834.0370884;2380777182.124649;196400.0;149340.0;87.0;
662.1273785356146;8860.113264887992;1096.0366041327763;29659.999999835713;-2289279433.615922;-2382384099.576323;29659.999999836346;2289302051.2159386;2382384186.5763235;196600.0;149492.0;87.0;
661.8377077157958;8869.210486949596;1097.1559671551079;29679.99999983535;-2290823635.5947723;-2383991104.0279975;29679.99999983598;2290846268.3947887;2383991191.027998;196800.0;149644.0;87.0;
661.5480488021179;8878.307717556629;1098.2753301161201;29699.999999834985;-2292367837.5736227;-2385598108.479672;29699.999999835618;2292390485.573639;2385598195.4796724;197000.0;149796.0;87.0;
661.2584017703754;8887.404956691664;1099.3946930159325;29719.99999983462;-2293912039.552473;-2387205112.9313464;29719.999999835254;2293934702.752489;2387205199.931347;197200.0;149948.0;87.0;
660.9687665964358;8896.502204337328;1100.5140558546639;29739.999999834257;-2295456241.5313234;-2388812117.383021;29739.99999983489;2295478919.9313393;2388812204.3830214;197400.0;150100.0;87.0;
660.6791432562404;8905.599460476307;1101.6334186324327;29759.999999833894;-2297000443.510174;-2390419121.8346953;29759.999999834527;2297023137.1101894;2390419208.834696;197600.0;150252.0;87.0;
660.3895317258037;8914.696725091331;1102.7527813493577;29779.99999983353;-2298544645.489024;-2392026126.28637;29779.999999834163;2298567354.2890396;2392026213.2863703;197800.0;150404.0;87.0;
660.099931981213;8923.79399816519;1103.8721440055567;29799.999999833166;-2300088847.4678745;-2393633130.7380443;29799.9999998338;2300111571.46789;2393633217.7380447;198000.0;150556.0;87.0;
659.810343998628;8932.891279680722;1104.9915066011472;29819.999999832802;-2301633049.446725;-2395240135.1897187;29819.999999833435;2301655788.64674;2395240222.189719;198200.0;150708.0;87.0;
659.5207677542809;8941.988569620817;1106.1108691362465;29839.99999983244;-2303177251.4255753;-2396847139.641393;29839.99999983307;2303200005.82559;2396847226.6413937;198400.0;150860.0;87.0;
659.2312032244756;8951.085867968419;1107.2302316109717;29859.999999832075;-2304721453.4044256;-2398454144.0930676;29859.999999832708;2304744223.0044403;2398454231.093068;198600.0;151012.0;87.0;
658.941650385588;8960.183174706523;1108.3495940254393;29879.99999983171;-2306265655.383276;-2400061148.544742;29879.999999832344;2306288440.1832905;2400061235.5447426;198800.0;151164.0;87.0;
658.6521092140653;8969.280489818177;1109.4689563797656;29899.999999831347;-2307809857.3621264;-2401668152.9964166;29899.99999983198;2307832657.3621407;2401668239.996417;199000.0;151316.0;87.0;
658.3625796864254;8978.377813286475;1110.5883186740668;29919.999999830983;-2309354059.3409767;-2403275157.448091;29919.999999831616;2309376874.540991;2403275244.4480915;199200.0;151468.0;87.0;
658.0730617792577;8987.475145094571;1111.707680908458;29939.99999983062;-2310898261.319827;-2404882161.8997655;29939.999999831252;2310921091.719841;2404882248.899766;199400.0;151620.0;87.0;
657.7835554692217;8996.572485225663;1112.8270430830548;29959.999999830256;-2312442463.2986774;-2406489166.35144;29959.99999983089;2312465308.898691;2406489253.3514404;199600.0;151772.0;87.0;
657.4940607330471;9005.669833663;1113.9464051979721;29979.99999982989;-2313986665.277528;-2408096170.8031144;29979.999999830525;2314009526.0775414;2408096257.803115;199800.0;151924.0;87.0;
